4
0 reserved
1 id
2 number
3 symbol
65
0 33 4
0 34 4
0 35 4
0 38 4
0 39 4
0 40 4
0 41 4
0 42 8
0 43 10
0 45 12
0 46 4
0 47 14
0 48 3
0 49 3
0 50 3
0 51 3
0 52 3
0 53 3
0 54 3
0 55 3
0 56 3
0 57 3
0 59 4
0 60 16
0 61 4
0 62 18
0 65 2
0 66 2
0 67 2
0 68 2
0 69 2
0 70 2
0 71 2
0 72 2
0 73 2
0 74 2
0 75 2
0 76 2
0 77 2
0 78 2
0 79 2
0 80 2
0 81 2
0 82 2
0 83 2
0 84 2
0 85 2
0 86 2
0 87 2
0 88 2
0 89 2
0 90 2
0 91 4
0 93 4
0 94 4
0 97 2
0 98 48
0 99 35
0 100 58
0 101 36
0 102 22
0 103 2
0 104 2
0 105 6
0 106 2
0 107 2
0 108 2
0 109 2
0 110 2
0 111 2
0 112 2
0 113 2
0 114 59
0 115 50
0 116 62
0 117 64
0 118 37
0 119 51
0 120 2
0 121 2
0 122 2
0 123 4
0 124 4
0 125 4
1 48 2
1 49 2
1 50 2
1 51 2
1 52 2
1 53 2
1 54 2
1 55 2
1 56 2
1 57 2
1 65 2
1 66 2
1 67 2
1 68 2
1 69 2
1 70 2
1 71 2
1 72 2
1 73 2
1 74 2
1 75 2
1 76 2
1 77 2
1 78 2
1 79 2
1 80 2
1 81 2
1 82 2
1 83 2
1 84 2
1 85 2
1 86 2
1 87 2
1 88 2
1 89 2
1 90 2
1 97 2
1 98 2
1 99 2
1 100 2
1 101 2
1 102 2
1 103 2
1 104 2
1 105 2
1 106 2
1 107 2
1 108 2
1 109 2
1 110 2
1 111 2
1 112 2
1 113 2
1 114 2
1 115 2
1 116 2
1 117 2
1 118 2
1 119 2
1 120 2
1 121 2
1 122 2
1 257 0
2 48 2
2 49 2
2 50 2
2 51 2
2 52 2
2 53 2
2 54 2
2 55 2
2 56 2
2 57 2
2 65 2
2 66 2
2 67 2
2 68 2
2 69 2
2 70 2
2 71 2
2 72 2
2 73 2
2 74 2
2 75 2
2 76 2
2 77 2
2 78 2
2 79 2
2 80 2
2 81 2
2 82 2
2 83 2
2 84 2
2 85 2
2 86 2
2 87 2
2 88 2
2 89 2
2 90 2
2 97 2
2 98 2
2 99 2
2 100 2
2 101 2
2 102 2
2 103 2
2 104 2
2 105 2
2 106 2
2 107 2
2 108 2
2 109 2
2 110 2
2 111 2
2 112 2
2 113 2
2 114 2
2 115 2
2 116 2
2 117 2
2 118 2
2 119 2
2 120 2
2 121 2
2 122 2
2 257 1
3 46 5
3 48 3
3 49 3
3 50 3
3 51 3
3 52 3
3 53 3
3 54 3
3 55 3
3 56 3
3 57 3
3 257 2
4 257 3
5 48 7
5 49 7
5 50 7
5 51 7
5 52 7
5 53 7
5 54 7
5 55 7
5 56 7
5 57 7
6 48 2
6 49 2
6 50 2
6 51 2
6 52 2
6 53 2
6 54 2
6 55 2
6 56 2
6 57 2
6 65 2
6 66 2
6 67 2
6 68 2
6 69 2
6 70 2
6 71 2
6 72 2
6 73 2
6 74 2
6 75 2
6 76 2
6 77 2
6 78 2
6 79 2
6 80 2
6 81 2
6 82 2
6 83 2
6 84 2
6 85 2
6 86 2
6 87 2
6 88 2
6 89 2
6 90 2
6 97 2
6 98 2
6 99 2
6 100 2
6 101 2
6 102 1
6 103 2
6 104 2
6 105 2
6 106 2
6 107 2
6 108 2
6 109 2
6 110 11
6 111 2
6 112 2
6 113 2
6 114 2
6 115 2
6 116 2
6 117 2
6 118 2
6 119 2
6 120 2
6 121 2
6 122 2
6 257 1
7 48 7
7 49 7
7 50 7
7 51 7
7 52 7
7 53 7
7 54 7
7 55 7
7 56 7
7 57 7
7 257 2
8 61 4
8 257 3
9 48 2
9 49 2
9 50 2
9 51 2
9 52 2
9 53 2
9 54 2
9 55 2
9 56 2
9 57 2
9 65 2
9 66 2
9 67 2
9 68 2
9 69 2
9 70 2
9 71 2
9 72 2
9 73 2
9 74 2
9 75 2
9 76 2
9 77 2
9 78 2
9 79 2
9 80 2
9 81 2
9 82 2
9 83 2
9 84 2
9 85 2
9 86 2
9 87 2
9 88 2
9 89 2
9 90 2
9 97 2
9 98 2
9 99 2
9 100 2
9 101 2
9 102 2
9 103 2
9 104 2
9 105 2
9 106 2
9 107 2
9 108 2
9 109 2
9 110 2
9 111 2
9 112 2
9 113 2
9 114 1
9 115 2
9 116 2
9 117 2
9 118 2
9 119 2
9 120 2
9 121 2
9 122 2
9 257 1
10 43 4
10 61 4
10 257 3
11 48 2
11 49 2
11 50 2
11 51 2
11 52 2
11 53 2
11 54 2
11 55 2
11 56 2
11 57 2
11 65 2
11 66 2
11 67 2
11 68 2
11 69 2
11 70 2
11 71 2
11 72 2
11 73 2
11 74 2
11 75 2
11 76 2
11 77 2
11 78 2
11 79 2
11 80 2
11 81 2
11 82 2
11 83 2
11 84 2
11 85 2
11 86 2
11 87 2
11 88 2
11 89 2
11 90 2
11 97 2
11 98 2
11 99 55
11 100 2
11 101 2
11 102 2
11 103 2
11 104 2
11 105 2
11 106 2
11 107 2
11 108 2
11 109 2
11 110 2
11 111 2
11 112 2
11 113 2
11 114 2
11 115 2
11 116 1
11 117 2
11 118 2
11 119 2
11 120 2
11 121 2
11 122 2
11 257 1
12 45 4
12 61 4
12 257 3
13 48 2
13 49 2
13 50 2
13 51 2
13 52 2
13 53 2
13 54 2
13 55 2
13 56 2
13 57 2
13 65 2
13 66 2
13 67 2
13 68 2
13 69 2
13 70 2
13 71 2
13 72 2
13 73 2
13 74 2
13 75 2
13 76 2
13 77 2
13 78 2
13 79 2
13 80 2
13 81 2
13 82 2
13 83 2
13 84 2
13 85 2
13 86 2
13 87 2
13 88 2
13 89 2
13 90 2
13 97 2
13 98 2
13 99 2
13 100 2
13 101 1
13 102 2
13 103 2
13 104 2
13 105 2
13 106 2
13 107 2
13 108 2
13 109 2
13 110 2
13 111 2
13 112 2
13 113 2
13 114 2
13 115 2
13 116 2
13 117 2
13 118 2
13 119 2
13 120 2
13 121 2
13 122 2
13 257 1
14 47 4
14 61 4
14 257 3
15 48 2
15 49 2
15 50 2
15 51 2
15 52 2
15 53 2
15 54 2
15 55 2
15 56 2
15 57 2
15 65 2
15 66 2
15 67 2
15 68 2
15 69 2
15 70 2
15 71 2
15 72 2
15 73 2
15 74 2
15 75 2
15 76 2
15 77 2
15 78 2
15 79 2
15 80 2
15 81 2
15 82 2
15 83 2
15 84 2
15 85 2
15 86 2
15 87 2
15 88 2
15 89 2
15 90 2
15 97 2
15 98 2
15 99 2
15 100 1
15 101 2
15 102 2
15 103 2
15 104 2
15 105 2
15 106 2
15 107 2
15 108 2
15 109 2
15 110 2
15 111 2
15 112 2
15 113 2
15 114 2
15 115 2
15 116 2
15 117 2
15 118 2
15 119 2
15 120 2
15 121 2
15 122 2
15 257 1
16 60 4
16 257 3
17 48 2
17 49 2
17 50 2
17 51 2
17 52 2
17 53 2
17 54 2
17 55 2
17 56 2
17 57 2
17 65 2
17 66 2
17 67 2
17 68 2
17 69 2
17 70 2
17 71 2
17 72 2
17 73 2
17 74 2
17 75 2
17 76 2
17 77 2
17 78 2
17 79 2
17 80 2
17 81 2
17 82 2
17 83 2
17 84 2
17 85 2
17 86 2
17 87 2
17 88 2
17 89 2
17 90 2
17 97 2
17 98 2
17 99 2
17 100 2
17 101 2
17 102 2
17 103 2
17 104 2
17 105 2
17 106 2
17 107 1
17 108 2
17 109 2
17 110 2
17 111 2
17 112 2
17 113 2
17 114 2
17 115 2
17 116 2
17 117 2
17 118 2
17 119 2
17 120 2
17 121 2
17 122 2
17 257 1
18 62 4
18 257 3
19 48 2
19 49 2
19 50 2
19 51 2
19 52 2
19 53 2
19 54 2
19 55 2
19 56 2
19 57 2
19 65 2
19 66 2
19 67 2
19 68 2
19 69 2
19 70 2
19 71 2
19 72 2
19 73 2
19 74 2
19 75 2
19 76 2
19 77 2
19 78 2
19 79 2
19 80 2
19 81 2
19 82 2
19 83 2
19 84 2
19 85 2
19 86 2
19 87 2
19 88 2
19 89 2
19 90 2
19 97 2
19 98 2
19 99 2
19 100 2
19 101 2
19 102 2
19 103 2
19 104 1
19 105 2
19 106 2
19 107 2
19 108 2
19 109 2
19 110 2
19 111 2
19 112 2
19 113 2
19 114 2
19 115 2
19 116 2
19 117 2
19 118 2
19 119 2
19 120 2
19 121 2
19 122 2
19 257 1
20 48 2
20 49 2
20 50 2
20 51 2
20 52 2
20 53 2
20 54 2
20 55 2
20 56 2
20 57 2
20 65 2
20 66 2
20 67 2
20 68 2
20 69 2
20 70 2
20 71 2
20 72 2
20 73 2
20 74 2
20 75 2
20 76 2
20 77 2
20 78 2
20 79 2
20 80 2
20 81 2
20 82 2
20 83 2
20 84 2
20 85 2
20 86 2
20 87 2
20 88 2
20 89 2
20 90 2
20 97 2
20 98 2
20 99 2
20 100 2
20 101 2
20 102 2
20 103 2
20 104 2
20 105 2
20 106 2
20 107 2
20 108 2
20 109 2
20 110 1
20 111 2
20 112 2
20 113 2
20 114 2
20 115 2
20 116 2
20 117 2
20 118 2
20 119 2
20 120 2
20 121 2
20 122 2
20 257 1
21 48 2
21 49 2
21 50 2
21 51 2
21 52 2
21 53 2
21 54 2
21 55 2
21 56 2
21 57 2
21 65 2
21 66 2
21 67 2
21 68 2
21 69 2
21 70 2
21 71 2
21 72 2
21 73 2
21 74 2
21 75 2
21 76 2
21 77 2
21 78 2
21 79 2
21 80 2
21 81 2
21 82 2
21 83 2
21 84 2
21 85 2
21 86 2
21 87 2
21 88 2
21 89 2
21 90 2
21 97 2
21 98 2
21 99 2
21 100 2
21 101 2
21 102 1
21 103 2
21 104 2
21 105 2
21 106 2
21 107 2
21 108 2
21 109 2
21 110 2
21 111 2
21 112 2
21 113 2
21 114 2
21 115 2
21 116 2
21 117 2
21 118 2
21 119 2
21 120 2
21 121 2
21 122 2
21 257 1
22 48 2
22 49 2
22 50 2
22 51 2
22 52 2
22 53 2
22 54 2
22 55 2
22 56 2
22 57 2
22 65 2
22 66 2
22 67 2
22 68 2
22 69 2
22 70 2
22 71 2
22 72 2
22 73 2
22 74 2
22 75 2
22 76 2
22 77 2
22 78 2
22 79 2
22 80 2
22 81 2
22 82 2
22 83 2
22 84 2
22 85 2
22 86 2
22 87 2
22 88 2
22 89 2
22 90 2
22 97 2
22 98 2
22 99 2
22 100 2
22 101 2
22 102 2
22 103 2
22 104 2
22 105 2
22 106 2
22 107 2
22 108 2
22 109 2
22 110 2
22 111 9
22 112 2
22 113 2
22 114 2
22 115 2
22 116 2
22 117 2
22 118 2
22 119 2
22 120 2
22 121 2
22 122 2
22 257 1
23 48 2
23 49 2
23 50 2
23 51 2
23 52 2
23 53 2
23 54 2
23 55 2
23 56 2
23 57 2
23 65 2
23 66 2
23 67 2
23 68 2
23 69 2
23 70 2
23 71 2
23 72 2
23 73 2
23 74 2
23 75 2
23 76 2
23 77 2
23 78 2
23 79 2
23 80 2
23 81 2
23 82 2
23 83 2
23 84 2
23 85 2
23 86 2
23 87 2
23 88 2
23 89 2
23 90 2
23 97 2
23 98 2
23 99 2
23 100 2
23 101 2
23 102 2
23 103 2
23 104 2
23 105 2
23 106 2
23 107 2
23 108 2
23 109 2
23 110 2
23 111 2
23 112 2
23 113 2
23 114 2
23 115 13
23 116 2
23 117 2
23 118 2
23 119 2
23 120 2
23 121 2
23 122 2
23 257 1
24 48 2
24 49 2
24 50 2
24 51 2
24 52 2
24 53 2
24 54 2
24 55 2
24 56 2
24 57 2
24 65 2
24 66 2
24 67 2
24 68 2
24 69 2
24 70 2
24 71 2
24 72 2
24 73 2
24 74 2
24 75 2
24 76 2
24 77 2
24 78 2
24 79 2
24 80 2
24 81 2
24 82 2
24 83 2
24 84 2
24 85 2
24 86 2
24 87 2
24 88 2
24 89 2
24 90 2
24 97 9
24 98 2
24 99 2
24 100 2
24 101 2
24 102 2
24 103 2
24 104 2
24 105 2
24 106 2
24 107 2
24 108 2
24 109 2
24 110 2
24 111 2
24 112 2
24 113 2
24 114 2
24 115 2
24 116 2
24 117 2
24 118 2
24 119 2
24 120 2
24 121 2
24 122 2
24 257 1
25 48 2
25 49 2
25 50 2
25 51 2
25 52 2
25 53 2
25 54 2
25 55 2
25 56 2
25 57 2
25 65 2
25 66 2
25 67 2
25 68 2
25 69 2
25 70 2
25 71 2
25 72 2
25 73 2
25 74 2
25 75 2
25 76 2
25 77 2
25 78 2
25 79 2
25 80 2
25 81 2
25 82 2
25 83 2
25 84 2
25 85 2
25 86 2
25 87 2
25 88 2
25 89 2
25 90 2
25 97 2
25 98 2
25 99 2
25 100 2
25 101 2
25 102 2
25 103 2
25 104 2
25 105 15
25 106 2
25 107 2
25 108 2
25 109 2
25 110 2
25 111 2
25 112 2
25 113 2
25 114 2
25 115 2
25 116 2
25 117 2
25 118 2
25 119 2
25 120 2
25 121 2
25 122 2
25 257 1
26 48 2
26 49 2
26 50 2
26 51 2
26 52 2
26 53 2
26 54 2
26 55 2
26 56 2
26 57 2
26 65 2
26 66 2
26 67 2
26 68 2
26 69 2
26 70 2
26 71 2
26 72 2
26 73 2
26 74 2
26 75 2
26 76 2
26 77 2
26 78 2
26 79 2
26 80 2
26 81 2
26 82 2
26 83 2
26 84 2
26 85 2
26 86 2
26 87 2
26 88 2
26 89 2
26 90 2
26 97 17
26 98 2
26 99 2
26 100 2
26 101 2
26 102 2
26 103 2
26 104 2
26 105 2
26 106 2
26 107 2
26 108 2
26 109 2
26 110 2
26 111 2
26 112 2
26 113 2
26 114 2
26 115 2
26 116 2
26 117 2
26 118 2
26 119 2
26 120 2
26 121 2
26 122 2
26 257 1
27 48 2
27 49 2
27 50 2
27 51 2
27 52 2
27 53 2
27 54 2
27 55 2
27 56 2
27 57 2
27 65 2
27 66 2
27 67 2
27 68 2
27 69 2
27 70 2
27 71 2
27 72 2
27 73 2
27 74 2
27 75 2
27 76 2
27 77 2
27 78 2
27 79 2
27 80 2
27 81 2
27 82 2
27 83 2
27 84 2
27 85 2
27 86 2
27 87 2
27 88 2
27 89 2
27 90 2
27 97 2
27 98 2
27 99 2
27 100 2
27 101 2
27 102 2
27 103 2
27 104 2
27 105 2
27 106 2
27 107 2
27 108 2
27 109 2
27 110 2
27 111 2
27 112 2
27 113 2
27 114 2
27 115 49
27 116 57
27 117 2
27 118 2
27 119 2
27 120 2
27 121 2
27 122 2
27 257 1
28 48 2
28 49 2
28 50 2
28 51 2
28 52 2
28 53 2
28 54 2
28 55 2
28 56 2
28 57 2
28 65 2
28 66 2
28 67 2
28 68 2
28 69 2
28 70 2
28 71 2
28 72 2
28 73 2
28 74 2
28 75 2
28 76 2
28 77 2
28 78 2
28 79 2
28 80 2
28 81 2
28 82 2
28 83 2
28 84 2
28 85 2
28 86 2
28 87 2
28 88 2
28 89 2
28 90 2
28 97 2
28 98 2
28 99 19
28 100 2
28 101 2
28 102 2
28 103 2
28 104 2
28 105 2
28 106 2
28 107 2
28 108 2
28 109 2
28 110 2
28 111 2
28 112 2
28 113 2
28 114 2
28 115 2
28 116 2
28 117 2
28 118 2
28 119 2
28 120 2
28 121 2
28 122 2
28 257 1
29 48 2
29 49 2
29 50 2
29 51 2
29 52 2
29 53 2
29 54 2
29 55 2
29 56 2
29 57 2
29 65 2
29 66 2
29 67 2
29 68 2
29 69 2
29 70 2
29 71 2
29 72 2
29 73 2
29 74 2
29 75 2
29 76 2
29 77 2
29 78 2
29 79 2
29 80 2
29 81 2
29 82 2
29 83 2
29 84 2
29 85 2
29 86 2
29 87 2
29 88 2
29 89 2
29 90 2
29 97 2
29 98 2
29 99 2
29 100 2
29 101 2
29 102 2
29 103 2
29 104 2
29 105 2
29 106 2
29 107 2
29 108 13
29 109 2
29 110 2
29 111 2
29 112 2
29 113 2
29 114 2
29 115 2
29 116 2
29 117 2
29 118 2
29 119 2
29 120 2
29 121 2
29 122 2
29 257 1
30 48 2
30 49 2
30 50 2
30 51 2
30 52 2
30 53 2
30 54 2
30 55 2
30 56 2
30 57 2
30 65 2
30 66 2
30 67 2
30 68 2
30 69 2
30 70 2
30 71 2
30 72 2
30 73 2
30 74 2
30 75 2
30 76 2
30 77 2
30 78 2
30 79 2
30 80 2
30 81 2
30 82 2
30 83 2
30 84 2
30 85 2
30 86 2
30 87 2
30 88 2
30 89 2
30 90 2
30 97 2
30 98 2
30 99 2
30 100 2
30 101 2
30 102 2
30 103 2
30 104 2
30 105 2
30 106 2
30 107 2
30 108 2
30 109 2
30 110 2
30 111 2
30 112 2
30 113 2
30 114 20
30 115 2
30 116 2
30 117 2
30 118 2
30 119 2
30 120 2
30 121 2
30 122 2
30 257 1
31 48 2
31 49 2
31 50 2
31 51 2
31 52 2
31 53 2
31 54 2
31 55 2
31 56 2
31 57 2
31 65 2
31 66 2
31 67 2
31 68 2
31 69 2
31 70 2
31 71 2
31 72 2
31 73 2
31 74 2
31 75 2
31 76 2
31 77 2
31 78 2
31 79 2
31 80 2
31 81 2
31 82 2
31 83 2
31 84 2
31 85 2
31 86 2
31 87 2
31 88 2
31 89 2
31 90 2
31 97 2
31 98 2
31 99 2
31 100 2
31 101 15
31 102 2
31 103 2
31 104 2
31 105 2
31 106 2
31 107 2
31 108 2
31 109 2
31 110 2
31 111 2
31 112 2
31 113 2
31 114 2
31 115 2
31 116 2
31 117 2
31 118 2
31 119 2
31 120 2
31 121 2
31 122 2
31 257 1
32 48 2
32 49 2
32 50 2
32 51 2
32 52 2
32 53 2
32 54 2
32 55 2
32 56 2
32 57 2
32 65 2
32 66 2
32 67 2
32 68 2
32 69 2
32 70 2
32 71 2
32 72 2
32 73 2
32 74 2
32 75 2
32 76 2
32 77 2
32 78 2
32 79 2
32 80 2
32 81 2
32 82 2
32 83 2
32 84 2
32 85 2
32 86 2
32 87 2
32 88 2
32 89 2
32 90 2
32 97 2
32 98 2
32 99 2
32 100 13
32 101 2
32 102 2
32 103 2
32 104 2
32 105 2
32 106 2
32 107 2
32 108 2
32 109 2
32 110 2
32 111 2
32 112 2
32 113 2
32 114 2
32 115 2
32 116 2
32 117 2
32 118 2
32 119 2
32 120 2
32 121 2
32 122 2
32 257 1
33 48 2
33 49 2
33 50 2
33 51 2
33 52 2
33 53 2
33 54 2
33 55 2
33 56 2
33 57 2
33 65 2
33 66 2
33 67 2
33 68 2
33 69 2
33 70 2
33 71 2
33 72 2
33 73 2
33 74 2
33 75 2
33 76 2
33 77 2
33 78 2
33 79 2
33 80 2
33 81 2
33 82 2
33 83 2
33 84 2
33 85 2
33 86 2
33 87 2
33 88 2
33 89 2
33 90 2
33 97 2
33 98 2
33 99 2
33 100 2
33 101 21
33 102 2
33 103 2
33 104 2
33 105 2
33 106 2
33 107 2
33 108 2
33 109 2
33 110 2
33 111 2
33 112 2
33 113 2
33 114 2
33 115 2
33 116 2
33 117 2
33 118 2
33 119 2
33 120 2
33 121 2
33 122 2
33 257 1
34 48 2
34 49 2
34 50 2
34 51 2
34 52 2
34 53 2
34 54 2
34 55 2
34 56 2
34 57 2
34 65 2
34 66 2
34 67 2
34 68 2
34 69 2
34 70 2
34 71 2
34 72 2
34 73 2
34 74 2
34 75 2
34 76 2
34 77 2
34 78 2
34 79 2
34 80 2
34 81 2
34 82 2
34 83 2
34 84 2
34 85 2
34 86 2
34 87 2
34 88 2
34 89 2
34 90 2
34 97 2
34 98 2
34 99 2
34 100 2
34 101 2
34 102 2
34 103 2
34 104 2
34 105 2
34 106 2
34 107 2
34 108 2
34 109 2
34 110 2
34 111 2
34 112 2
34 113 2
34 114 2
34 115 2
34 116 2
34 117 13
34 118 2
34 119 2
34 120 2
34 121 2
34 122 2
34 257 1
35 48 2
35 49 2
35 50 2
35 51 2
35 52 2
35 53 2
35 54 2
35 55 2
35 56 2
35 57 2
35 65 2
35 66 2
35 67 2
35 68 2
35 69 2
35 70 2
35 71 2
35 72 2
35 73 2
35 74 2
35 75 2
35 76 2
35 77 2
35 78 2
35 79 2
35 80 2
35 81 2
35 82 2
35 83 2
35 84 2
35 85 2
35 86 2
35 87 2
35 88 2
35 89 2
35 90 2
35 97 23
35 98 2
35 99 2
35 100 2
35 101 2
35 102 2
35 103 2
35 104 24
35 105 2
35 106 2
35 107 2
35 108 2
35 109 2
35 110 2
35 111 39
35 112 2
35 113 2
35 114 2
35 115 2
35 116 2
35 117 2
35 118 2
35 119 2
35 120 2
35 121 2
35 122 2
35 257 1
36 48 2
36 49 2
36 50 2
36 51 2
36 52 2
36 53 2
36 54 2
36 55 2
36 56 2
36 57 2
36 65 2
36 66 2
36 67 2
36 68 2
36 69 2
36 70 2
36 71 2
36 72 2
36 73 2
36 74 2
36 75 2
36 76 2
36 77 2
36 78 2
36 79 2
36 80 2
36 81 2
36 82 2
36 83 2
36 84 2
36 85 2
36 86 2
36 87 2
36 88 2
36 89 2
36 90 2
36 97 2
36 98 2
36 99 2
36 100 2
36 101 2
36 102 2
36 103 2
36 104 2
36 105 2
36 106 2
36 107 2
36 108 23
36 109 2
36 110 2
36 111 2
36 112 2
36 113 2
36 114 2
36 115 2
36 116 2
36 117 2
36 118 2
36 119 2
36 120 2
36 121 2
36 122 2
36 257 1
37 48 2
37 49 2
37 50 2
37 51 2
37 52 2
37 53 2
37 54 2
37 55 2
37 56 2
37 57 2
37 65 2
37 66 2
37 67 2
37 68 2
37 69 2
37 70 2
37 71 2
37 72 2
37 73 2
37 74 2
37 75 2
37 76 2
37 77 2
37 78 2
37 79 2
37 80 2
37 81 2
37 82 2
37 83 2
37 84 2
37 85 2
37 86 2
37 87 2
37 88 2
37 89 2
37 90 2
37 97 2
37 98 2
37 99 2
37 100 2
37 101 2
37 102 2
37 103 2
37 104 2
37 105 2
37 106 2
37 107 2
37 108 2
37 109 2
37 110 2
37 111 25
37 112 2
37 113 2
37 114 2
37 115 2
37 116 2
37 117 2
37 118 2
37 119 2
37 120 2
37 121 2
37 122 2
37 257 1
38 48 2
38 49 2
38 50 2
38 51 2
38 52 2
38 53 2
38 54 2
38 55 2
38 56 2
38 57 2
38 65 2
38 66 2
38 67 2
38 68 2
38 69 2
38 70 2
38 71 2
38 72 2
38 73 2
38 74 2
38 75 2
38 76 2
38 77 2
38 78 2
38 79 2
38 80 2
38 81 2
38 82 2
38 83 2
38 84 2
38 85 2
38 86 2
38 87 2
38 88 2
38 89 2
38 90 2
38 97 2
38 98 2
38 99 2
38 100 2
38 101 26
38 102 2
38 103 2
38 104 2
38 105 2
38 106 2
38 107 2
38 108 2
38 109 2
38 110 2
38 111 2
38 112 2
38 113 2
38 114 2
38 115 2
38 116 2
38 117 2
38 118 2
38 119 2
38 120 2
38 121 2
38 122 2
38 257 1
39 48 2
39 49 2
39 50 2
39 51 2
39 52 2
39 53 2
39 54 2
39 55 2
39 56 2
39 57 2
39 65 2
39 66 2
39 67 2
39 68 2
39 69 2
39 70 2
39 71 2
39 72 2
39 73 2
39 74 2
39 75 2
39 76 2
39 77 2
39 78 2
39 79 2
39 80 2
39 81 2
39 82 2
39 83 2
39 84 2
39 85 2
39 86 2
39 87 2
39 88 2
39 89 2
39 90 2
39 97 2
39 98 2
39 99 2
39 100 2
39 101 2
39 102 2
39 103 2
39 104 2
39 105 2
39 106 2
39 107 2
39 108 2
39 109 2
39 110 27
39 111 2
39 112 2
39 113 2
39 114 2
39 115 2
39 116 2
39 117 2
39 118 2
39 119 2
39 120 2
39 121 2
39 122 2
39 257 1
40 48 2
40 49 2
40 50 2
40 51 2
40 52 2
40 53 2
40 54 2
40 55 2
40 56 2
40 57 2
40 65 2
40 66 2
40 67 2
40 68 2
40 69 2
40 70 2
40 71 2
40 72 2
40 73 2
40 74 2
40 75 2
40 76 2
40 77 2
40 78 2
40 79 2
40 80 2
40 81 2
40 82 2
40 83 2
40 84 2
40 85 2
40 86 2
40 87 2
40 88 2
40 89 2
40 90 2
40 97 2
40 98 2
40 99 2
40 100 2
40 101 2
40 102 2
40 103 2
40 104 2
40 105 28
40 106 2
40 107 2
40 108 2
40 109 2
40 110 2
40 111 2
40 112 2
40 113 2
40 114 2
40 115 2
40 116 2
40 117 2
40 118 2
40 119 2
40 120 2
40 121 2
40 122 2
40 257 1
41 48 2
41 49 2
41 50 2
41 51 2
41 52 2
41 53 2
41 54 2
41 55 2
41 56 2
41 57 2
41 65 2
41 66 2
41 67 2
41 68 2
41 69 2
41 70 2
41 71 2
41 72 2
41 73 2
41 74 2
41 75 2
41 76 2
41 77 2
41 78 2
41 79 2
41 80 2
41 81 2
41 82 2
41 83 2
41 84 2
41 85 2
41 86 2
41 87 2
41 88 2
41 89 2
41 90 2
41 97 2
41 98 2
41 99 2
41 100 2
41 101 2
41 102 2
41 103 2
41 104 2
41 105 29
41 106 2
41 107 2
41 108 2
41 109 2
41 110 2
41 111 2
41 112 2
41 113 2
41 114 2
41 115 2
41 116 2
41 117 2
41 118 2
41 119 2
41 120 2
41 121 2
41 122 2
41 257 1
42 48 2
42 49 2
42 50 2
42 51 2
42 52 2
42 53 2
42 54 2
42 55 2
42 56 2
42 57 2
42 65 2
42 66 2
42 67 2
42 68 2
42 69 2
42 70 2
42 71 2
42 72 2
42 73 2
42 74 2
42 75 2
42 76 2
42 77 2
42 78 2
42 79 2
42 80 2
42 81 2
42 82 2
42 83 2
42 84 2
42 85 2
42 86 2
42 87 2
42 88 2
42 89 2
42 90 2
42 97 2
42 98 29
42 99 2
42 100 2
42 101 2
42 102 2
42 103 2
42 104 2
42 105 2
42 106 2
42 107 2
42 108 2
42 109 2
42 110 2
42 111 2
42 112 2
42 113 2
42 114 2
42 115 2
42 116 2
42 117 2
42 118 2
42 119 2
42 120 2
42 121 2
42 122 2
42 257 1
43 48 2
43 49 2
43 50 2
43 51 2
43 52 2
43 53 2
43 54 2
43 55 2
43 56 2
43 57 2
43 65 2
43 66 2
43 67 2
43 68 2
43 69 2
43 70 2
43 71 2
43 72 2
43 73 2
43 74 2
43 75 2
43 76 2
43 77 2
43 78 2
43 79 2
43 80 2
43 81 2
43 82 2
43 83 2
43 84 2
43 85 2
43 86 2
43 87 2
43 88 2
43 89 2
43 90 2
43 97 2
43 98 2
43 99 2
43 100 2
43 101 2
43 102 2
43 103 2
43 104 2
43 105 2
43 106 2
43 107 2
43 108 2
43 109 2
43 110 2
43 111 2
43 112 2
43 113 2
43 114 2
43 115 2
43 116 2
43 117 30
43 118 2
43 119 2
43 120 2
43 121 2
43 122 2
43 257 1
44 48 2
44 49 2
44 50 2
44 51 2
44 52 2
44 53 2
44 54 2
44 55 2
44 56 2
44 57 2
44 65 2
44 66 2
44 67 2
44 68 2
44 69 2
44 70 2
44 71 2
44 72 2
44 73 2
44 74 2
44 75 2
44 76 2
44 77 2
44 78 2
44 79 2
44 80 2
44 81 2
44 82 2
44 83 2
44 84 2
44 85 2
44 86 2
44 87 2
44 88 2
44 89 2
44 90 2
44 97 2
44 98 2
44 99 2
44 100 2
44 101 2
44 102 2
44 103 2
44 104 2
44 105 2
44 106 2
44 107 2
44 108 2
44 109 2
44 110 31
44 111 2
44 112 2
44 113 2
44 114 2
44 115 2
44 116 2
44 117 2
44 118 2
44 119 2
44 120 2
44 121 2
44 122 2
44 257 1
45 48 2
45 49 2
45 50 2
45 51 2
45 52 2
45 53 2
45 54 2
45 55 2
45 56 2
45 57 2
45 65 2
45 66 2
45 67 2
45 68 2
45 69 2
45 70 2
45 71 2
45 72 2
45 73 2
45 74 2
45 75 2
45 76 2
45 77 2
45 78 2
45 79 2
45 80 2
45 81 2
45 82 2
45 83 2
45 84 2
45 85 2
45 86 2
45 87 2
45 88 2
45 89 2
45 90 2
45 97 2
45 98 2
45 99 2
45 100 2
45 101 2
45 102 2
45 103 2
45 104 2
45 105 2
45 106 2
45 107 2
45 108 2
45 109 2
45 110 2
45 111 2
45 112 2
45 113 2
45 114 2
45 115 2
45 116 2
45 117 32
45 118 2
45 119 2
45 120 2
45 121 2
45 122 2
45 257 1
46 48 2
46 49 2
46 50 2
46 51 2
46 52 2
46 53 2
46 54 2
46 55 2
46 56 2
46 57 2
46 65 2
46 66 2
46 67 2
46 68 2
46 69 2
46 70 2
46 71 2
46 72 2
46 73 2
46 74 2
46 75 2
46 76 2
46 77 2
46 78 2
46 79 2
46 80 2
46 81 2
46 82 2
46 83 2
46 84 2
46 85 2
46 86 2
46 87 2
46 88 2
46 89 2
46 90 2
46 97 2
46 98 2
46 99 2
46 100 33
46 101 2
46 102 2
46 103 2
46 104 2
46 105 2
46 106 2
46 107 2
46 108 2
46 109 2
46 110 2
46 111 2
46 112 2
46 113 2
46 114 2
46 115 2
46 116 2
46 117 2
46 118 2
46 119 2
46 120 2
46 121 2
46 122 2
46 257 1
47 48 2
47 49 2
47 50 2
47 51 2
47 52 2
47 53 2
47 54 2
47 55 2
47 56 2
47 57 2
47 65 2
47 66 2
47 67 2
47 68 2
47 69 2
47 70 2
47 71 2
47 72 2
47 73 2
47 74 2
47 75 2
47 76 2
47 77 2
47 78 2
47 79 2
47 80 2
47 81 2
47 82 2
47 83 2
47 84 2
47 85 2
47 86 2
47 87 2
47 88 2
47 89 2
47 90 2
47 97 2
47 98 2
47 99 2
47 100 2
47 101 2
47 102 2
47 103 2
47 104 2
47 105 2
47 106 2
47 107 2
47 108 2
47 109 2
47 110 34
47 111 2
47 112 2
47 113 2
47 114 2
47 115 2
47 116 2
47 117 2
47 118 2
47 119 2
47 120 2
47 121 2
47 122 2
47 257 1
48 48 2
48 49 2
48 50 2
48 51 2
48 52 2
48 53 2
48 54 2
48 55 2
48 56 2
48 57 2
48 65 2
48 66 2
48 67 2
48 68 2
48 69 2
48 70 2
48 71 2
48 72 2
48 73 2
48 74 2
48 75 2
48 76 2
48 77 2
48 78 2
48 79 2
48 80 2
48 81 2
48 82 2
48 83 2
48 84 2
48 85 2
48 86 2
48 87 2
48 88 2
48 89 2
48 90 2
48 97 2
48 98 2
48 99 2
48 100 2
48 101 2
48 102 2
48 103 2
48 104 2
48 105 2
48 106 2
48 107 2
48 108 2
48 109 2
48 110 2
48 111 2
48 112 2
48 113 2
48 114 38
48 115 2
48 116 2
48 117 2
48 118 2
48 119 2
48 120 2
48 121 2
48 122 2
48 257 1
49 48 2
49 49 2
49 50 2
49 51 2
49 52 2
49 53 2
49 54 2
49 55 2
49 56 2
49 57 2
49 65 2
49 66 2
49 67 2
49 68 2
49 69 2
49 70 2
49 71 2
49 72 2
49 73 2
49 74 2
49 75 2
49 76 2
49 77 2
49 78 2
49 79 2
49 80 2
49 81 2
49 82 2
49 83 2
49 84 2
49 85 2
49 86 2
49 87 2
49 88 2
49 89 2
49 90 2
49 97 2
49 98 2
49 99 2
49 100 2
49 101 2
49 102 2
49 103 2
49 104 2
49 105 2
49 106 2
49 107 2
49 108 2
49 109 2
49 110 2
49 111 2
49 112 2
49 113 2
49 114 2
49 115 2
49 116 1
49 117 2
49 118 2
49 119 2
49 120 2
49 121 2
49 122 2
49 257 1
50 48 2
50 49 2
50 50 2
50 51 2
50 52 2
50 53 2
50 54 2
50 55 2
50 56 2
50 57 2
50 65 2
50 66 2
50 67 2
50 68 2
50 69 2
50 70 2
50 71 2
50 72 2
50 73 2
50 74 2
50 75 2
50 76 2
50 77 2
50 78 2
50 79 2
50 80 2
50 81 2
50 82 2
50 83 2
50 84 2
50 85 2
50 86 2
50 87 2
50 88 2
50 89 2
50 90 2
50 97 2
50 98 2
50 99 2
50 100 2
50 101 2
50 102 2
50 103 2
50 104 2
50 105 54
50 106 2
50 107 2
50 108 2
50 109 2
50 110 2
50 111 2
50 112 2
50 113 2
50 114 2
50 115 2
50 116 2
50 117 2
50 118 2
50 119 40
50 120 2
50 121 2
50 122 2
50 257 1
51 48 2
51 49 2
51 50 2
51 51 2
51 52 2
51 53 2
51 54 2
51 55 2
51 56 2
51 57 2
51 65 2
51 66 2
51 67 2
51 68 2
51 69 2
51 70 2
51 71 2
51 72 2
51 73 2
51 74 2
51 75 2
51 76 2
51 77 2
51 78 2
51 79 2
51 80 2
51 81 2
51 82 2
51 83 2
51 84 2
51 85 2
51 86 2
51 87 2
51 88 2
51 89 2
51 90 2
51 97 2
51 98 2
51 99 2
51 100 2
51 101 2
51 102 2
51 103 2
51 104 41
51 105 2
51 106 2
51 107 2
51 108 2
51 109 2
51 110 2
51 111 2
51 112 2
51 113 2
51 114 2
51 115 2
51 116 2
51 117 2
51 118 2
51 119 2
51 120 2
51 121 2
51 122 2
51 257 1
52 48 2
52 49 2
52 50 2
52 51 2
52 52 2
52 53 2
52 54 2
52 55 2
52 56 2
52 57 2
52 65 2
52 66 2
52 67 2
52 68 2
52 69 2
52 70 2
52 71 2
52 72 2
52 73 2
52 74 2
52 75 2
52 76 2
52 77 2
52 78 2
52 79 2
52 80 2
52 81 2
52 82 2
52 83 2
52 84 2
52 85 2
52 86 2
52 87 2
52 88 2
52 89 2
52 90 2
52 97 2
52 98 2
52 99 2
52 100 2
52 101 2
52 102 2
52 103 2
52 104 2
52 105 2
52 106 2
52 107 2
52 108 2
52 109 2
52 110 2
52 111 2
52 112 2
52 113 2
52 114 2
52 115 2
52 116 2
52 117 42
52 118 2
52 119 2
52 120 2
52 121 2
52 122 2
52 257 1
53 48 2
53 49 2
53 50 2
53 51 2
53 52 2
53 53 2
53 54 2
53 55 2
53 56 2
53 57 2
53 65 2
53 66 2
53 67 2
53 68 2
53 69 2
53 70 2
53 71 2
53 72 2
53 73 2
53 74 2
53 75 2
53 76 2
53 77 2
53 78 2
53 79 2
53 80 2
53 81 2
53 82 2
53 83 2
53 84 2
53 85 2
53 86 2
53 87 2
53 88 2
53 89 2
53 90 2
53 97 2
53 98 2
53 99 2
53 100 2
53 101 2
53 102 2
53 103 2
53 104 2
53 105 2
53 106 2
53 107 2
53 108 2
53 109 2
53 110 2
53 111 2
53 112 2
53 113 2
53 114 2
53 115 2
53 116 43
53 117 2
53 118 2
53 119 2
53 120 2
53 121 2
53 122 2
53 257 1
54 48 2
54 49 2
54 50 2
54 51 2
54 52 2
54 53 2
54 54 2
54 55 2
54 56 2
54 57 2
54 65 2
54 66 2
54 67 2
54 68 2
54 69 2
54 70 2
54 71 2
54 72 2
54 73 2
54 74 2
54 75 2
54 76 2
54 77 2
54 78 2
54 79 2
54 80 2
54 81 2
54 82 2
54 83 2
54 84 2
54 85 2
54 86 2
54 87 2
54 88 2
54 89 2
54 90 2
54 97 2
54 98 2
54 99 2
54 100 2
54 101 2
54 102 2
54 103 44
54 104 2
54 105 2
54 106 2
54 107 2
54 108 2
54 109 2
54 110 2
54 111 2
54 112 2
54 113 2
54 114 2
54 115 2
54 116 2
54 117 2
54 118 2
54 119 2
54 120 2
54 121 2
54 122 2
54 257 1
55 48 2
55 49 2
55 50 2
55 51 2
55 52 2
55 53 2
55 54 2
55 55 2
55 56 2
55 57 2
55 65 2
55 66 2
55 67 2
55 68 2
55 69 2
55 70 2
55 71 2
55 72 2
55 73 2
55 74 2
55 75 2
55 76 2
55 77 2
55 78 2
55 79 2
55 80 2
55 81 2
55 82 2
55 83 2
55 84 2
55 85 2
55 86 2
55 87 2
55 88 2
55 89 2
55 90 2
55 97 2
55 98 2
55 99 2
55 100 2
55 101 2
55 102 2
55 103 2
55 104 2
55 105 2
55 106 2
55 107 2
55 108 45
55 109 2
55 110 2
55 111 2
55 112 2
55 113 2
55 114 2
55 115 2
55 116 2
55 117 2
55 118 2
55 119 2
55 120 2
55 121 2
55 122 2
55 257 1
56 48 2
56 49 2
56 50 2
56 51 2
56 52 2
56 53 2
56 54 2
56 55 2
56 56 2
56 57 2
56 65 2
56 66 2
56 67 2
56 68 2
56 69 2
56 70 2
56 71 2
56 72 2
56 73 2
56 74 2
56 75 2
56 76 2
56 77 2
56 78 2
56 79 2
56 80 2
56 81 2
56 82 2
56 83 2
56 84 2
56 85 2
56 86 2
56 87 2
56 88 2
56 89 2
56 90 2
56 97 2
56 98 2
56 99 2
56 100 2
56 101 46
56 102 2
56 103 2
56 104 2
56 105 2
56 106 2
56 107 2
56 108 2
56 109 2
56 110 2
56 111 2
56 112 2
56 113 2
56 114 2
56 115 2
56 116 2
56 117 2
56 118 2
56 119 2
56 120 2
56 121 2
56 122 2
56 257 1
57 48 2
57 49 2
57 50 2
57 51 2
57 52 2
57 53 2
57 54 2
57 55 2
57 56 2
57 57 2
57 65 2
57 66 2
57 67 2
57 68 2
57 69 2
57 70 2
57 71 2
57 72 2
57 73 2
57 74 2
57 75 2
57 76 2
57 77 2
57 78 2
57 79 2
57 80 2
57 81 2
57 82 2
57 83 2
57 84 2
57 85 2
57 86 2
57 87 2
57 88 2
57 89 2
57 90 2
57 97 2
57 98 2
57 99 2
57 100 2
57 101 2
57 102 2
57 103 2
57 104 2
57 105 47
57 106 2
57 107 2
57 108 2
57 109 2
57 110 2
57 111 2
57 112 2
57 113 2
57 114 2
57 115 2
57 116 2
57 117 2
57 118 2
57 119 2
57 120 2
57 121 2
57 122 2
57 257 1
58 48 2
58 49 2
58 50 2
58 51 2
58 52 2
58 53 2
58 54 2
58 55 2
58 56 2
58 57 2
58 65 2
58 66 2
58 67 2
58 68 2
58 69 2
58 70 2
58 71 2
58 72 2
58 73 2
58 74 2
58 75 2
58 76 2
58 77 2
58 78 2
58 79 2
58 80 2
58 81 2
58 82 2
58 83 2
58 84 2
58 85 2
58 86 2
58 87 2
58 88 2
58 89 2
58 90 2
58 97 2
58 98 2
58 99 2
58 100 2
58 101 2
58 102 2
58 103 2
58 104 2
58 105 2
58 106 2
58 107 2
58 108 2
58 109 2
58 110 2
58 111 52
58 112 2
58 113 2
58 114 2
58 115 2
58 116 2
58 117 2
58 118 2
58 119 2
58 120 2
58 121 2
58 122 2
58 257 1
59 48 2
59 49 2
59 50 2
59 51 2
59 52 2
59 53 2
59 54 2
59 55 2
59 56 2
59 57 2
59 65 2
59 66 2
59 67 2
59 68 2
59 69 2
59 70 2
59 71 2
59 72 2
59 73 2
59 74 2
59 75 2
59 76 2
59 77 2
59 78 2
59 79 2
59 80 2
59 81 2
59 82 2
59 83 2
59 84 2
59 85 2
59 86 2
59 87 2
59 88 2
59 89 2
59 90 2
59 97 2
59 98 2
59 99 2
59 100 2
59 101 53
59 102 2
59 103 2
59 104 2
59 105 2
59 106 2
59 107 2
59 108 2
59 109 2
59 110 2
59 111 2
59 112 2
59 113 2
59 114 2
59 115 2
59 116 2
59 117 2
59 118 2
59 119 2
59 120 2
59 121 2
59 122 2
59 257 1
60 48 2
60 49 2
60 50 2
60 51 2
60 52 2
60 53 2
60 54 2
60 55 2
60 56 2
60 57 2
60 65 2
60 66 2
60 67 2
60 68 2
60 69 2
60 70 2
60 71 2
60 72 2
60 73 2
60 74 2
60 75 2
60 76 2
60 77 2
60 78 2
60 79 2
60 80 2
60 81 2
60 82 2
60 83 2
60 84 2
60 85 2
60 86 2
60 87 2
60 88 2
60 89 2
60 90 2
60 97 2
60 98 2
60 99 2
60 100 2
60 101 2
60 102 2
60 103 2
60 104 2
60 105 2
60 106 2
60 107 2
60 108 2
60 109 2
60 110 2
60 111 2
60 112 56
60 113 2
60 114 2
60 115 2
60 116 2
60 117 2
60 118 2
60 119 2
60 120 2
60 121 2
60 122 2
60 257 1
61 48 2
61 49 2
61 50 2
61 51 2
61 52 2
61 53 2
61 54 2
61 55 2
61 56 2
61 57 2
61 65 2
61 66 2
61 67 2
61 68 2
61 69 2
61 70 2
61 71 2
61 72 2
61 73 2
61 74 2
61 75 2
61 76 2
61 77 2
61 78 2
61 79 2
61 80 2
61 81 2
61 82 2
61 83 2
61 84 2
61 85 2
61 86 2
61 87 2
61 88 2
61 89 2
61 90 2
61 97 2
61 98 2
61 99 2
61 100 2
61 101 2
61 102 2
61 103 2
61 104 2
61 105 54
61 106 2
61 107 2
61 108 2
61 109 2
61 110 2
61 111 2
61 112 2
61 113 2
61 114 2
61 115 2
61 116 2
61 117 2
61 118 2
61 119 2
61 120 2
61 121 2
61 122 2
61 257 1
62 48 2
62 49 2
62 50 2
62 51 2
62 52 2
62 53 2
62 54 2
62 55 2
62 56 2
62 57 2
62 65 2
62 66 2
62 67 2
62 68 2
62 69 2
62 70 2
62 71 2
62 72 2
62 73 2
62 74 2
62 75 2
62 76 2
62 77 2
62 78 2
62 79 2
62 80 2
62 81 2
62 82 2
62 83 2
62 84 2
62 85 2
62 86 2
62 87 2
62 88 2
62 89 2
62 90 2
62 97 2
62 98 2
62 99 2
62 100 2
62 101 2
62 102 2
62 103 2
62 104 2
62 105 2
62 106 2
62 107 2
62 108 2
62 109 2
62 110 2
62 111 2
62 112 2
62 113 2
62 114 2
62 115 2
62 116 2
62 117 2
62 118 2
62 119 2
62 120 2
62 121 60
62 122 2
62 257 1
63 48 2
63 49 2
63 50 2
63 51 2
63 52 2
63 53 2
63 54 2
63 55 2
63 56 2
63 57 2
63 65 2
63 66 2
63 67 2
63 68 2
63 69 2
63 70 2
63 71 2
63 72 2
63 73 2
63 74 2
63 75 2
63 76 2
63 77 2
63 78 2
63 79 2
63 80 2
63 81 2
63 82 2
63 83 2
63 84 2
63 85 2
63 86 2
63 87 2
63 88 2
63 89 2
63 90 2
63 97 2
63 98 2
63 99 2
63 100 2
63 101 2
63 102 2
63 103 2
63 104 2
63 105 2
63 106 2
63 107 2
63 108 2
63 109 2
63 110 2
63 111 2
63 112 2
63 113 2
63 114 2
63 115 61
63 116 2
63 117 2
63 118 2
63 119 2
63 120 2
63 121 2
63 122 2
63 257 1
64 48 2
64 49 2
64 50 2
64 51 2
64 52 2
64 53 2
64 54 2
64 55 2
64 56 2
64 57 2
64 65 2
64 66 2
64 67 2
64 68 2
64 69 2
64 70 2
64 71 2
64 72 2
64 73 2
64 74 2
64 75 2
64 76 2
64 77 2
64 78 2
64 79 2
64 80 2
64 81 2
64 82 2
64 83 2
64 84 2
64 85 2
64 86 2
64 87 2
64 88 2
64 89 2
64 90 2
64 97 2
64 98 2
64 99 2
64 100 2
64 101 2
64 102 2
64 103 2
64 104 2
64 105 2
64 106 2
64 107 2
64 108 2
64 109 2
64 110 63
64 111 2
64 112 2
64 113 2
64 114 2
64 115 2
64 116 2
64 117 2
64 118 2
64 119 2
64 120 2
64 121 2
64 122 2
64 257 1
-1
