37
0 if
1 else
2 while
3 break
4 continue
5 int
6 float
7 char
8 string
9 main
10 input
11 print
12 =
13 >
14 <
15 ==
16 +
17 -
18 *
19 /
20 &
21 |
22 !
23 ^
24 ++
25 --
26 (
27 )
28 [
29 ]
30 {
31 }
32 ,
33 ;
34 Identifier
35 Integer
36 Char
81
0 33 23
0 38 21
0 39 38
0 40 27
0 41 28
0 42 19
0 43 17
0 44 33
0 45 18
0 47 20
0 48 36
0 49 36
0 50 36
0 51 36
0 52 36
0 53 36
0 54 36
0 55 36
0 56 36
0 57 36
0 59 34
0 60 15
0 61 13
0 62 14
0 65 35
0 66 35
0 67 35
0 68 35
0 69 35
0 70 35
0 71 35
0 72 35
0 73 35
0 74 35
0 75 35
0 76 35
0 77 35
0 78 35
0 79 35
0 80 35
0 81 35
0 82 35
0 83 35
0 84 35
0 85 35
0 86 35
0 87 35
0 88 35
0 89 35
0 90 35
0 91 29
0 93 30
0 94 24
0 95 35
0 97 35
0 98 72
0 99 63
0 100 35
0 101 64
0 102 73
0 103 35
0 104 35
0 105 39
0 106 35
0 107 35
0 108 35
0 109 65
0 110 35
0 111 35
0 112 74
0 113 35
0 114 35
0 115 78
0 116 35
0 117 35
0 118 35
0 119 75
0 120 35
0 121 35
0 122 35
0 123 31
0 124 22
0 125 32
1 48 35
1 49 35
1 50 35
1 51 35
1 52 35
1 53 35
1 54 35
1 55 35
1 56 35
1 57 35
1 65 35
1 66 35
1 67 35
1 68 35
1 69 35
1 70 35
1 71 35
1 72 35
1 73 35
1 74 35
1 75 35
1 76 35
1 77 35
1 78 35
1 79 35
1 80 35
1 81 35
1 82 35
1 83 35
1 84 35
1 85 35
1 86 35
1 87 35
1 88 35
1 89 35
1 90 35
1 95 35
1 97 35
1 98 35
1 99 35
1 100 35
1 101 35
1 102 35
1 103 35
1 104 35
1 105 35
1 106 35
1 107 35
1 108 35
1 109 35
1 110 35
1 111 35
1 112 35
1 113 35
1 114 35
1 115 35
1 116 35
1 117 35
1 118 35
1 119 35
1 120 35
1 121 35
1 122 35
1 257 0
2 48 35
2 49 35
2 50 35
2 51 35
2 52 35
2 53 35
2 54 35
2 55 35
2 56 35
2 57 35
2 65 35
2 66 35
2 67 35
2 68 35
2 69 35
2 70 35
2 71 35
2 72 35
2 73 35
2 74 35
2 75 35
2 76 35
2 77 35
2 78 35
2 79 35
2 80 35
2 81 35
2 82 35
2 83 35
2 84 35
2 85 35
2 86 35
2 87 35
2 88 35
2 89 35
2 90 35
2 95 35
2 97 35
2 98 35
2 99 35
2 100 35
2 101 35
2 102 35
2 103 35
2 104 35
2 105 35
2 106 35
2 107 35
2 108 35
2 109 35
2 110 35
2 111 35
2 112 35
2 113 35
2 114 35
2 115 35
2 116 35
2 117 35
2 118 35
2 119 35
2 120 35
2 121 35
2 122 35
2 257 1
3 48 35
3 49 35
3 50 35
3 51 35
3 52 35
3 53 35
3 54 35
3 55 35
3 56 35
3 57 35
3 65 35
3 66 35
3 67 35
3 68 35
3 69 35
3 70 35
3 71 35
3 72 35
3 73 35
3 74 35
3 75 35
3 76 35
3 77 35
3 78 35
3 79 35
3 80 35
3 81 35
3 82 35
3 83 35
3 84 35
3 85 35
3 86 35
3 87 35
3 88 35
3 89 35
3 90 35
3 95 35
3 97 35
3 98 35
3 99 35
3 100 35
3 101 35
3 102 35
3 103 35
3 104 35
3 105 35
3 106 35
3 107 35
3 108 35
3 109 35
3 110 35
3 111 35
3 112 35
3 113 35
3 114 35
3 115 35
3 116 35
3 117 35
3 118 35
3 119 35
3 120 35
3 121 35
3 122 35
3 257 2
4 48 35
4 49 35
4 50 35
4 51 35
4 52 35
4 53 35
4 54 35
4 55 35
4 56 35
4 57 35
4 65 35
4 66 35
4 67 35
4 68 35
4 69 35
4 70 35
4 71 35
4 72 35
4 73 35
4 74 35
4 75 35
4 76 35
4 77 35
4 78 35
4 79 35
4 80 35
4 81 35
4 82 35
4 83 35
4 84 35
4 85 35
4 86 35
4 87 35
4 88 35
4 89 35
4 90 35
4 95 35
4 97 35
4 98 35
4 99 35
4 100 35
4 101 35
4 102 35
4 103 35
4 104 35
4 105 35
4 106 35
4 107 35
4 108 35
4 109 35
4 110 35
4 111 35
4 112 35
4 113 35
4 114 35
4 115 35
4 116 35
4 117 35
4 118 35
4 119 35
4 120 35
4 121 35
4 122 35
4 257 3
5 48 35
5 49 35
5 50 35
5 51 35
5 52 35
5 53 35
5 54 35
5 55 35
5 56 35
5 57 35
5 65 35
5 66 35
5 67 35
5 68 35
5 69 35
5 70 35
5 71 35
5 72 35
5 73 35
5 74 35
5 75 35
5 76 35
5 77 35
5 78 35
5 79 35
5 80 35
5 81 35
5 82 35
5 83 35
5 84 35
5 85 35
5 86 35
5 87 35
5 88 35
5 89 35
5 90 35
5 95 35
5 97 35
5 98 35
5 99 35
5 100 35
5 101 35
5 102 35
5 103 35
5 104 35
5 105 35
5 106 35
5 107 35
5 108 35
5 109 35
5 110 35
5 111 35
5 112 35
5 113 35
5 114 35
5 115 35
5 116 35
5 117 35
5 118 35
5 119 35
5 120 35
5 121 35
5 122 35
5 257 4
6 48 35
6 49 35
6 50 35
6 51 35
6 52 35
6 53 35
6 54 35
6 55 35
6 56 35
6 57 35
6 65 35
6 66 35
6 67 35
6 68 35
6 69 35
6 70 35
6 71 35
6 72 35
6 73 35
6 74 35
6 75 35
6 76 35
6 77 35
6 78 35
6 79 35
6 80 35
6 81 35
6 82 35
6 83 35
6 84 35
6 85 35
6 86 35
6 87 35
6 88 35
6 89 35
6 90 35
6 95 35
6 97 35
6 98 35
6 99 35
6 100 35
6 101 35
6 102 35
6 103 35
6 104 35
6 105 35
6 106 35
6 107 35
6 108 35
6 109 35
6 110 35
6 111 35
6 112 35
6 113 35
6 114 35
6 115 35
6 116 35
6 117 35
6 118 35
6 119 35
6 120 35
6 121 35
6 122 35
6 257 5
7 48 35
7 49 35
7 50 35
7 51 35
7 52 35
7 53 35
7 54 35
7 55 35
7 56 35
7 57 35
7 65 35
7 66 35
7 67 35
7 68 35
7 69 35
7 70 35
7 71 35
7 72 35
7 73 35
7 74 35
7 75 35
7 76 35
7 77 35
7 78 35
7 79 35
7 80 35
7 81 35
7 82 35
7 83 35
7 84 35
7 85 35
7 86 35
7 87 35
7 88 35
7 89 35
7 90 35
7 95 35
7 97 35
7 98 35
7 99 35
7 100 35
7 101 35
7 102 35
7 103 35
7 104 35
7 105 35
7 106 35
7 107 35
7 108 35
7 109 35
7 110 35
7 111 35
7 112 35
7 113 35
7 114 35
7 115 35
7 116 35
7 117 35
7 118 35
7 119 35
7 120 35
7 121 35
7 122 35
7 257 6
8 48 35
8 49 35
8 50 35
8 51 35
8 52 35
8 53 35
8 54 35
8 55 35
8 56 35
8 57 35
8 65 35
8 66 35
8 67 35
8 68 35
8 69 35
8 70 35
8 71 35
8 72 35
8 73 35
8 74 35
8 75 35
8 76 35
8 77 35
8 78 35
8 79 35
8 80 35
8 81 35
8 82 35
8 83 35
8 84 35
8 85 35
8 86 35
8 87 35
8 88 35
8 89 35
8 90 35
8 95 35
8 97 35
8 98 35
8 99 35
8 100 35
8 101 35
8 102 35
8 103 35
8 104 35
8 105 35
8 106 35
8 107 35
8 108 35
8 109 35
8 110 35
8 111 35
8 112 35
8 113 35
8 114 35
8 115 35
8 116 35
8 117 35
8 118 35
8 119 35
8 120 35
8 121 35
8 122 35
8 257 7
9 48 35
9 49 35
9 50 35
9 51 35
9 52 35
9 53 35
9 54 35
9 55 35
9 56 35
9 57 35
9 65 35
9 66 35
9 67 35
9 68 35
9 69 35
9 70 35
9 71 35
9 72 35
9 73 35
9 74 35
9 75 35
9 76 35
9 77 35
9 78 35
9 79 35
9 80 35
9 81 35
9 82 35
9 83 35
9 84 35
9 85 35
9 86 35
9 87 35
9 88 35
9 89 35
9 90 35
9 95 35
9 97 35
9 98 35
9 99 35
9 100 35
9 101 35
9 102 35
9 103 35
9 104 35
9 105 35
9 106 35
9 107 35
9 108 35
9 109 35
9 110 35
9 111 35
9 112 35
9 113 35
9 114 35
9 115 35
9 116 35
9 117 35
9 118 35
9 119 35
9 120 35
9 121 35
9 122 35
9 257 8
10 48 35
10 49 35
10 50 35
10 51 35
10 52 35
10 53 35
10 54 35
10 55 35
10 56 35
10 57 35
10 65 35
10 66 35
10 67 35
10 68 35
10 69 35
10 70 35
10 71 35
10 72 35
10 73 35
10 74 35
10 75 35
10 76 35
10 77 35
10 78 35
10 79 35
10 80 35
10 81 35
10 82 35
10 83 35
10 84 35
10 85 35
10 86 35
10 87 35
10 88 35
10 89 35
10 90 35
10 95 35
10 97 35
10 98 35
10 99 35
10 100 35
10 101 35
10 102 35
10 103 35
10 104 35
10 105 35
10 106 35
10 107 35
10 108 35
10 109 35
10 110 35
10 111 35
10 112 35
10 113 35
10 114 35
10 115 35
10 116 35
10 117 35
10 118 35
10 119 35
10 120 35
10 121 35
10 122 35
10 257 9
11 48 35
11 49 35
11 50 35
11 51 35
11 52 35
11 53 35
11 54 35
11 55 35
11 56 35
11 57 35
11 65 35
11 66 35
11 67 35
11 68 35
11 69 35
11 70 35
11 71 35
11 72 35
11 73 35
11 74 35
11 75 35
11 76 35
11 77 35
11 78 35
11 79 35
11 80 35
11 81 35
11 82 35
11 83 35
11 84 35
11 85 35
11 86 35
11 87 35
11 88 35
11 89 35
11 90 35
11 95 35
11 97 35
11 98 35
11 99 35
11 100 35
11 101 35
11 102 35
11 103 35
11 104 35
11 105 35
11 106 35
11 107 35
11 108 35
11 109 35
11 110 35
11 111 35
11 112 35
11 113 35
11 114 35
11 115 35
11 116 35
11 117 35
11 118 35
11 119 35
11 120 35
11 121 35
11 122 35
11 257 10
12 48 35
12 49 35
12 50 35
12 51 35
12 52 35
12 53 35
12 54 35
12 55 35
12 56 35
12 57 35
12 65 35
12 66 35
12 67 35
12 68 35
12 69 35
12 70 35
12 71 35
12 72 35
12 73 35
12 74 35
12 75 35
12 76 35
12 77 35
12 78 35
12 79 35
12 80 35
12 81 35
12 82 35
12 83 35
12 84 35
12 85 35
12 86 35
12 87 35
12 88 35
12 89 35
12 90 35
12 95 35
12 97 35
12 98 35
12 99 35
12 100 35
12 101 35
12 102 35
12 103 35
12 104 35
12 105 35
12 106 35
12 107 35
12 108 35
12 109 35
12 110 35
12 111 35
12 112 35
12 113 35
12 114 35
12 115 35
12 116 35
12 117 35
12 118 35
12 119 35
12 120 35
12 121 35
12 122 35
12 257 11
13 61 16
13 257 12
14 257 13
15 257 14
16 257 15
17 43 25
17 257 16
18 45 26
18 257 17
19 257 18
20 257 19
21 257 20
22 257 21
23 257 22
24 257 23
25 257 24
26 257 25
27 257 26
28 257 27
29 257 28
30 257 29
31 257 30
32 257 31
33 257 32
34 257 33
35 48 35
35 49 35
35 50 35
35 51 35
35 52 35
35 53 35
35 54 35
35 55 35
35 56 35
35 57 35
35 65 35
35 66 35
35 67 35
35 68 35
35 69 35
35 70 35
35 71 35
35 72 35
35 73 35
35 74 35
35 75 35
35 76 35
35 77 35
35 78 35
35 79 35
35 80 35
35 81 35
35 82 35
35 83 35
35 84 35
35 85 35
35 86 35
35 87 35
35 88 35
35 89 35
35 90 35
35 95 35
35 97 35
35 98 35
35 99 35
35 100 35
35 101 35
35 102 35
35 103 35
35 104 35
35 105 35
35 106 35
35 107 35
35 108 35
35 109 35
35 110 35
35 111 35
35 112 35
35 113 35
35 114 35
35 115 35
35 116 35
35 117 35
35 118 35
35 119 35
35 120 35
35 121 35
35 122 35
35 257 34
36 48 36
36 49 36
36 50 36
36 51 36
36 52 36
36 53 36
36 54 36
36 55 36
36 56 36
36 57 36
36 257 35
37 39 40
37 257 36
38 32 41
38 33 41
38 34 41
38 35 41
38 36 41
38 37 41
38 38 41
38 39 37
38 40 41
38 41 41
38 42 41
38 43 41
38 44 41
38 45 41
38 46 41
38 47 41
38 48 41
38 49 41
38 50 41
38 51 41
38 52 41
38 53 41
38 54 41
38 55 41
38 56 41
38 57 41
38 58 41
38 59 41
38 60 41
38 61 41
38 62 41
38 63 41
38 64 41
38 65 41
38 66 41
38 67 41
38 68 41
38 69 41
38 70 41
38 71 41
38 72 41
38 73 41
38 74 41
38 75 41
38 76 41
38 77 41
38 78 41
38 79 41
38 80 41
38 81 41
38 82 41
38 83 41
38 84 41
38 85 41
38 86 41
38 87 41
38 88 41
38 89 41
38 90 41
38 91 41
38 93 41
38 94 41
38 95 41
38 96 41
38 97 41
38 98 41
38 99 41
38 100 41
38 101 41
38 102 41
38 103 41
38 104 41
38 105 41
38 106 41
38 107 41
38 108 41
38 109 41
38 110 41
38 111 41
38 112 41
38 113 41
38 114 41
38 115 41
38 116 41
38 117 41
38 118 41
38 119 41
38 120 41
38 121 41
38 122 41
38 123 41
38 124 41
38 125 41
38 126 41
39 48 35
39 49 35
39 50 35
39 51 35
39 52 35
39 53 35
39 54 35
39 55 35
39 56 35
39 57 35
39 65 35
39 66 35
39 67 35
39 68 35
39 69 35
39 70 35
39 71 35
39 72 35
39 73 35
39 74 35
39 75 35
39 76 35
39 77 35
39 78 35
39 79 35
39 80 35
39 81 35
39 82 35
39 83 35
39 84 35
39 85 35
39 86 35
39 87 35
39 88 35
39 89 35
39 90 35
39 95 35
39 97 35
39 98 35
39 99 35
39 100 35
39 101 35
39 102 1
39 103 35
39 104 35
39 105 35
39 106 35
39 107 35
39 108 35
39 109 35
39 110 42
39 111 35
39 112 35
39 113 35
39 114 35
39 115 35
39 116 35
39 117 35
39 118 35
39 119 35
39 120 35
39 121 35
39 122 35
39 257 34
40 257 36
41 39 40
42 48 35
42 49 35
42 50 35
42 51 35
42 52 35
42 53 35
42 54 35
42 55 35
42 56 35
42 57 35
42 65 35
42 66 35
42 67 35
42 68 35
42 69 35
42 70 35
42 71 35
42 72 35
42 73 35
42 74 35
42 75 35
42 76 35
42 77 35
42 78 35
42 79 35
42 80 35
42 81 35
42 82 35
42 83 35
42 84 35
42 85 35
42 86 35
42 87 35
42 88 35
42 89 35
42 90 35
42 95 35
42 97 35
42 98 35
42 99 35
42 100 35
42 101 35
42 102 35
42 103 35
42 104 35
42 105 35
42 106 35
42 107 35
42 108 35
42 109 35
42 110 35
42 111 35
42 112 58
42 113 35
42 114 35
42 115 35
42 116 6
42 117 35
42 118 35
42 119 35
42 120 35
42 121 35
42 122 35
42 257 34
43 48 35
43 49 35
43 50 35
43 51 35
43 52 35
43 53 35
43 54 35
43 55 35
43 56 35
43 57 35
43 65 35
43 66 35
43 67 35
43 68 35
43 69 35
43 70 35
43 71 35
43 72 35
43 73 35
43 74 35
43 75 35
43 76 35
43 77 35
43 78 35
43 79 35
43 80 35
43 81 35
43 82 35
43 83 35
43 84 35
43 85 35
43 86 35
43 87 35
43 88 35
43 89 35
43 90 35
43 95 35
43 97 35
43 98 35
43 99 35
43 100 35
43 101 35
43 102 35
43 103 35
43 104 35
43 105 35
43 106 35
43 107 35
43 108 35
43 109 35
43 110 35
43 111 35
43 112 35
43 113 35
43 114 8
43 115 35
43 116 35
43 117 35
43 118 35
43 119 35
43 120 35
43 121 35
43 122 35
43 257 34
44 48 35
44 49 35
44 50 35
44 51 35
44 52 35
44 53 35
44 54 35
44 55 35
44 56 35
44 57 35
44 65 35
44 66 35
44 67 35
44 68 35
44 69 35
44 70 35
44 71 35
44 72 35
44 73 35
44 74 35
44 75 35
44 76 35
44 77 35
44 78 35
44 79 35
44 80 35
44 81 35
44 82 35
44 83 35
44 84 35
44 85 35
44 86 35
44 87 35
44 88 35
44 89 35
44 90 35
44 95 35
44 97 35
44 98 35
44 99 35
44 100 35
44 101 2
44 102 35
44 103 35
44 104 35
44 105 35
44 106 35
44 107 35
44 108 35
44 109 35
44 110 35
44 111 35
44 112 35
44 113 35
44 114 35
44 115 35
44 116 35
44 117 35
44 118 35
44 119 35
44 120 35
44 121 35
44 122 35
44 257 34
45 48 35
45 49 35
45 50 35
45 51 35
45 52 35
45 53 35
45 54 35
45 55 35
45 56 35
45 57 35
45 65 35
45 66 35
45 67 35
45 68 35
45 69 35
45 70 35
45 71 35
45 72 35
45 73 35
45 74 35
45 75 35
45 76 35
45 77 35
45 78 35
45 79 35
45 80 35
45 81 35
45 82 35
45 83 35
45 84 35
45 85 35
45 86 35
45 87 35
45 88 35
45 89 35
45 90 35
45 95 35
45 97 35
45 98 35
45 99 35
45 100 35
45 101 35
45 102 35
45 103 35
45 104 35
45 105 35
45 106 35
45 107 35
45 108 35
45 109 35
45 110 10
45 111 35
45 112 35
45 113 35
45 114 35
45 115 35
45 116 35
45 117 35
45 118 35
45 119 35
45 120 35
45 121 35
45 122 35
45 257 34
46 48 35
46 49 35
46 50 35
46 51 35
46 52 35
46 53 35
46 54 35
46 55 35
46 56 35
46 57 35
46 65 35
46 66 35
46 67 35
46 68 35
46 69 35
46 70 35
46 71 35
46 72 35
46 73 35
46 74 35
46 75 35
46 76 35
46 77 35
46 78 35
46 79 35
46 80 35
46 81 35
46 82 35
46 83 35
46 84 35
46 85 35
46 86 35
46 87 35
46 88 35
46 89 35
46 90 35
46 95 35
46 97 35
46 98 35
46 99 35
46 100 35
46 101 35
46 102 35
46 103 35
46 104 35
46 105 35
46 106 35
46 107 4
46 108 35
46 109 35
46 110 35
46 111 35
46 112 35
46 113 35
46 114 35
46 115 35
46 116 35
46 117 35
46 118 35
46 119 35
46 120 35
46 121 35
46 122 35
46 257 34
47 48 35
47 49 35
47 50 35
47 51 35
47 52 35
47 53 35
47 54 35
47 55 35
47 56 35
47 57 35
47 65 35
47 66 35
47 67 35
47 68 35
47 69 35
47 70 35
47 71 35
47 72 35
47 73 35
47 74 35
47 75 35
47 76 35
47 77 35
47 78 35
47 79 35
47 80 35
47 81 35
47 82 35
47 83 35
47 84 35
47 85 35
47 86 35
47 87 35
47 88 35
47 89 35
47 90 35
47 95 35
47 97 35
47 98 35
47 99 35
47 100 35
47 101 35
47 102 35
47 103 35
47 104 35
47 105 35
47 106 35
47 107 35
47 108 35
47 109 35
47 110 35
47 111 35
47 112 35
47 113 35
47 114 35
47 115 35
47 116 7
47 117 35
47 118 35
47 119 35
47 120 35
47 121 35
47 122 35
47 257 34
48 48 35
48 49 35
48 50 35
48 51 35
48 52 35
48 53 35
48 54 35
48 55 35
48 56 35
48 57 35
48 65 35
48 66 35
48 67 35
48 68 35
48 69 35
48 70 35
48 71 35
48 72 35
48 73 35
48 74 35
48 75 35
48 76 35
48 77 35
48 78 35
48 79 35
48 80 35
48 81 35
48 82 35
48 83 35
48 84 35
48 85 35
48 86 35
48 87 35
48 88 35
48 89 35
48 90 35
48 95 35
48 97 35
48 98 35
48 99 35
48 100 35
48 101 35
48 102 35
48 103 35
48 104 35
48 105 35
48 106 35
48 107 35
48 108 35
48 109 35
48 110 35
48 111 35
48 112 35
48 113 35
48 114 35
48 115 35
48 116 11
48 117 35
48 118 35
48 119 35
48 120 35
48 121 35
48 122 35
48 257 34
49 48 35
49 49 35
49 50 35
49 51 35
49 52 35
49 53 35
49 54 35
49 55 35
49 56 35
49 57 35
49 65 35
49 66 35
49 67 35
49 68 35
49 69 35
49 70 35
49 71 35
49 72 35
49 73 35
49 74 35
49 75 35
49 76 35
49 77 35
49 78 35
49 79 35
49 80 35
49 81 35
49 82 35
49 83 35
49 84 35
49 85 35
49 86 35
49 87 35
49 88 35
49 89 35
49 90 35
49 95 35
49 97 35
49 98 35
49 99 35
49 100 35
49 101 35
49 102 35
49 103 35
49 104 35
49 105 35
49 106 35
49 107 35
49 108 35
49 109 35
49 110 35
49 111 35
49 112 35
49 113 35
49 114 35
49 115 35
49 116 12
49 117 35
49 118 35
49 119 35
49 120 35
49 121 35
49 122 35
49 257 34
50 48 35
50 49 35
50 50 35
50 51 35
50 52 35
50 53 35
50 54 35
50 55 35
50 56 35
50 57 35
50 65 35
50 66 35
50 67 35
50 68 35
50 69 35
50 70 35
50 71 35
50 72 35
50 73 35
50 74 35
50 75 35
50 76 35
50 77 35
50 78 35
50 79 35
50 80 35
50 81 35
50 82 35
50 83 35
50 84 35
50 85 35
50 86 35
50 87 35
50 88 35
50 89 35
50 90 35
50 95 35
50 97 35
50 98 35
50 99 35
50 100 35
50 101 3
50 102 35
50 103 35
50 104 35
50 105 35
50 106 35
50 107 35
50 108 35
50 109 35
50 110 35
50 111 35
50 112 35
50 113 35
50 114 35
50 115 35
50 116 35
50 117 35
50 118 35
50 119 35
50 120 35
50 121 35
50 122 35
50 257 34
51 48 35
51 49 35
51 50 35
51 51 35
51 52 35
51 53 35
51 54 35
51 55 35
51 56 35
51 57 35
51 65 35
51 66 35
51 67 35
51 68 35
51 69 35
51 70 35
51 71 35
51 72 35
51 73 35
51 74 35
51 75 35
51 76 35
51 77 35
51 78 35
51 79 35
51 80 35
51 81 35
51 82 35
51 83 35
51 84 35
51 85 35
51 86 35
51 87 35
51 88 35
51 89 35
51 90 35
51 95 35
51 97 35
51 98 35
51 99 35
51 100 35
51 101 35
51 102 35
51 103 9
51 104 35
51 105 35
51 106 35
51 107 35
51 108 35
51 109 35
51 110 35
51 111 35
51 112 35
51 113 35
51 114 35
51 115 35
51 116 35
51 117 35
51 118 35
51 119 35
51 120 35
51 121 35
51 122 35
51 257 34
52 48 35
52 49 35
52 50 35
52 51 35
52 52 35
52 53 35
52 54 35
52 55 35
52 56 35
52 57 35
52 65 35
52 66 35
52 67 35
52 68 35
52 69 35
52 70 35
52 71 35
52 72 35
52 73 35
52 74 35
52 75 35
52 76 35
52 77 35
52 78 35
52 79 35
52 80 35
52 81 35
52 82 35
52 83 35
52 84 35
52 85 35
52 86 35
52 87 35
52 88 35
52 89 35
52 90 35
52 95 35
52 97 35
52 98 35
52 99 35
52 100 35
52 101 5
52 102 35
52 103 35
52 104 35
52 105 35
52 106 35
52 107 35
52 108 35
52 109 35
52 110 35
52 111 35
52 112 35
52 113 35
52 114 35
52 115 35
52 116 35
52 117 35
52 118 35
52 119 35
52 120 35
52 121 35
52 122 35
52 257 34
53 48 35
53 49 35
53 50 35
53 51 35
53 52 35
53 53 35
53 54 35
53 55 35
53 56 35
53 57 35
53 65 35
53 66 35
53 67 35
53 68 35
53 69 35
53 70 35
53 71 35
53 72 35
53 73 35
53 74 35
53 75 35
53 76 35
53 77 35
53 78 35
53 79 35
53 80 35
53 81 35
53 82 35
53 83 35
53 84 35
53 85 35
53 86 35
53 87 35
53 88 35
53 89 35
53 90 35
53 95 35
53 97 43
53 98 35
53 99 35
53 100 35
53 101 35
53 102 35
53 103 35
53 104 35
53 105 35
53 106 35
53 107 35
53 108 35
53 109 35
53 110 35
53 111 35
53 112 35
53 113 35
53 114 35
53 115 35
53 116 35
53 117 35
53 118 35
53 119 35
53 120 35
53 121 35
53 122 35
53 257 34
54 48 35
54 49 35
54 50 35
54 51 35
54 52 35
54 53 35
54 54 35
54 55 35
54 56 35
54 57 35
54 65 35
54 66 35
54 67 35
54 68 35
54 69 35
54 70 35
54 71 35
54 72 35
54 73 35
54 74 35
54 75 35
54 76 35
54 77 35
54 78 35
54 79 35
54 80 35
54 81 35
54 82 35
54 83 35
54 84 35
54 85 35
54 86 35
54 87 35
54 88 35
54 89 35
54 90 35
54 95 35
54 97 35
54 98 35
54 99 35
54 100 35
54 101 35
54 102 35
54 103 35
54 104 35
54 105 35
54 106 35
54 107 35
54 108 35
54 109 35
54 110 35
54 111 35
54 112 35
54 113 35
54 114 35
54 115 44
54 116 35
54 117 35
54 118 35
54 119 35
54 120 35
54 121 35
54 122 35
54 257 34
55 48 35
55 49 35
55 50 35
55 51 35
55 52 35
55 53 35
55 54 35
55 55 35
55 56 35
55 57 35
55 65 35
55 66 35
55 67 35
55 68 35
55 69 35
55 70 35
55 71 35
55 72 35
55 73 35
55 74 35
55 75 35
55 76 35
55 77 35
55 78 35
55 79 35
55 80 35
55 81 35
55 82 35
55 83 35
55 84 35
55 85 35
55 86 35
55 87 35
55 88 35
55 89 35
55 90 35
55 95 35
55 97 35
55 98 35
55 99 35
55 100 35
55 101 35
55 102 35
55 103 35
55 104 35
55 105 45
55 106 35
55 107 35
55 108 35
55 109 35
55 110 35
55 111 35
55 112 35
55 113 35
55 114 35
55 115 35
55 116 35
55 117 35
55 118 35
55 119 35
55 120 35
55 121 35
55 122 35
55 257 34
56 48 35
56 49 35
56 50 35
56 51 35
56 52 35
56 53 35
56 54 35
56 55 35
56 56 35
56 57 35
56 65 35
56 66 35
56 67 35
56 68 35
56 69 35
56 70 35
56 71 35
56 72 35
56 73 35
56 74 35
56 75 35
56 76 35
56 77 35
56 78 35
56 79 35
56 80 35
56 81 35
56 82 35
56 83 35
56 84 35
56 85 35
56 86 35
56 87 35
56 88 35
56 89 35
56 90 35
56 95 35
56 97 46
56 98 35
56 99 35
56 100 35
56 101 35
56 102 35
56 103 35
56 104 35
56 105 35
56 106 35
56 107 35
56 108 35
56 109 35
56 110 35
56 111 35
56 112 35
56 113 35
56 114 35
56 115 35
56 116 35
56 117 35
56 118 35
56 119 35
56 120 35
56 121 35
56 122 35
56 257 34
57 48 35
57 49 35
57 50 35
57 51 35
57 52 35
57 53 35
57 54 35
57 55 35
57 56 35
57 57 35
57 65 35
57 66 35
57 67 35
57 68 35
57 69 35
57 70 35
57 71 35
57 72 35
57 73 35
57 74 35
57 75 35
57 76 35
57 77 35
57 78 35
57 79 35
57 80 35
57 81 35
57 82 35
57 83 35
57 84 35
57 85 35
57 86 35
57 87 35
57 88 35
57 89 35
57 90 35
57 95 35
57 97 47
57 98 35
57 99 35
57 100 35
57 101 35
57 102 35
57 103 35
57 104 35
57 105 35
57 106 35
57 107 35
57 108 35
57 109 35
57 110 35
57 111 35
57 112 35
57 113 35
57 114 35
57 115 35
57 116 35
57 117 35
57 118 35
57 119 35
57 120 35
57 121 35
57 122 35
57 257 34
58 48 35
58 49 35
58 50 35
58 51 35
58 52 35
58 53 35
58 54 35
58 55 35
58 56 35
58 57 35
58 65 35
58 66 35
58 67 35
58 68 35
58 69 35
58 70 35
58 71 35
58 72 35
58 73 35
58 74 35
58 75 35
58 76 35
58 77 35
58 78 35
58 79 35
58 80 35
58 81 35
58 82 35
58 83 35
58 84 35
58 85 35
58 86 35
58 87 35
58 88 35
58 89 35
58 90 35
58 95 35
58 97 35
58 98 35
58 99 35
58 100 35
58 101 35
58 102 35
58 103 35
58 104 35
58 105 35
58 106 35
58 107 35
58 108 35
58 109 35
58 110 35
58 111 35
58 112 35
58 113 35
58 114 35
58 115 35
58 116 35
58 117 48
58 118 35
58 119 35
58 120 35
58 121 35
58 122 35
58 257 34
59 48 35
59 49 35
59 50 35
59 51 35
59 52 35
59 53 35
59 54 35
59 55 35
59 56 35
59 57 35
59 65 35
59 66 35
59 67 35
59 68 35
59 69 35
59 70 35
59 71 35
59 72 35
59 73 35
59 74 35
59 75 35
59 76 35
59 77 35
59 78 35
59 79 35
59 80 35
59 81 35
59 82 35
59 83 35
59 84 35
59 85 35
59 86 35
59 87 35
59 88 35
59 89 35
59 90 35
59 95 35
59 97 35
59 98 35
59 99 35
59 100 35
59 101 35
59 102 35
59 103 35
59 104 35
59 105 35
59 106 35
59 107 35
59 108 35
59 109 35
59 110 49
59 111 35
59 112 35
59 113 35
59 114 35
59 115 35
59 116 35
59 117 35
59 118 35
59 119 35
59 120 35
59 121 35
59 122 35
59 257 34
60 48 35
60 49 35
60 50 35
60 51 35
60 52 35
60 53 35
60 54 35
60 55 35
60 56 35
60 57 35
60 65 35
60 66 35
60 67 35
60 68 35
60 69 35
60 70 35
60 71 35
60 72 35
60 73 35
60 74 35
60 75 35
60 76 35
60 77 35
60 78 35
60 79 35
60 80 35
60 81 35
60 82 35
60 83 35
60 84 35
60 85 35
60 86 35
60 87 35
60 88 35
60 89 35
60 90 35
60 95 35
60 97 35
60 98 35
60 99 35
60 100 35
60 101 35
60 102 35
60 103 35
60 104 35
60 105 35
60 106 35
60 107 35
60 108 50
60 109 35
60 110 35
60 111 35
60 112 35
60 113 35
60 114 35
60 115 35
60 116 35
60 117 35
60 118 35
60 119 35
60 120 35
60 121 35
60 122 35
60 257 34
61 48 35
61 49 35
61 50 35
61 51 35
61 52 35
61 53 35
61 54 35
61 55 35
61 56 35
61 57 35
61 65 35
61 66 35
61 67 35
61 68 35
61 69 35
61 70 35
61 71 35
61 72 35
61 73 35
61 74 35
61 75 35
61 76 35
61 77 35
61 78 35
61 79 35
61 80 35
61 81 35
61 82 35
61 83 35
61 84 35
61 85 35
61 86 35
61 87 35
61 88 35
61 89 35
61 90 35
61 95 35
61 97 35
61 98 35
61 99 35
61 100 35
61 101 35
61 102 35
61 103 35
61 104 35
61 105 35
61 106 35
61 107 35
61 108 35
61 109 35
61 110 51
61 111 35
61 112 35
61 113 35
61 114 35
61 115 35
61 116 35
61 117 35
61 118 35
61 119 35
61 120 35
61 121 35
61 122 35
61 257 34
62 48 35
62 49 35
62 50 35
62 51 35
62 52 35
62 53 35
62 54 35
62 55 35
62 56 35
62 57 35
62 65 35
62 66 35
62 67 35
62 68 35
62 69 35
62 70 35
62 71 35
62 72 35
62 73 35
62 74 35
62 75 35
62 76 35
62 77 35
62 78 35
62 79 35
62 80 35
62 81 35
62 82 35
62 83 35
62 84 35
62 85 35
62 86 35
62 87 35
62 88 35
62 89 35
62 90 35
62 95 35
62 97 35
62 98 35
62 99 35
62 100 35
62 101 35
62 102 35
62 103 35
62 104 35
62 105 35
62 106 35
62 107 35
62 108 35
62 109 35
62 110 35
62 111 35
62 112 35
62 113 35
62 114 35
62 115 35
62 116 35
62 117 52
62 118 35
62 119 35
62 120 35
62 121 35
62 122 35
62 257 34
63 48 35
63 49 35
63 50 35
63 51 35
63 52 35
63 53 35
63 54 35
63 55 35
63 56 35
63 57 35
63 65 35
63 66 35
63 67 35
63 68 35
63 69 35
63 70 35
63 71 35
63 72 35
63 73 35
63 74 35
63 75 35
63 76 35
63 77 35
63 78 35
63 79 35
63 80 35
63 81 35
63 82 35
63 83 35
63 84 35
63 85 35
63 86 35
63 87 35
63 88 35
63 89 35
63 90 35
63 95 35
63 97 35
63 98 35
63 99 35
63 100 35
63 101 35
63 102 35
63 103 35
63 104 53
63 105 35
63 106 35
63 107 35
63 108 35
63 109 35
63 110 35
63 111 80
63 112 35
63 113 35
63 114 35
63 115 35
63 116 35
63 117 35
63 118 35
63 119 35
63 120 35
63 121 35
63 122 35
63 257 34
64 48 35
64 49 35
64 50 35
64 51 35
64 52 35
64 53 35
64 54 35
64 55 35
64 56 35
64 57 35
64 65 35
64 66 35
64 67 35
64 68 35
64 69 35
64 70 35
64 71 35
64 72 35
64 73 35
64 74 35
64 75 35
64 76 35
64 77 35
64 78 35
64 79 35
64 80 35
64 81 35
64 82 35
64 83 35
64 84 35
64 85 35
64 86 35
64 87 35
64 88 35
64 89 35
64 90 35
64 95 35
64 97 35
64 98 35
64 99 35
64 100 35
64 101 35
64 102 35
64 103 35
64 104 35
64 105 35
64 106 35
64 107 35
64 108 54
64 109 35
64 110 35
64 111 35
64 112 35
64 113 35
64 114 35
64 115 35
64 116 35
64 117 35
64 118 35
64 119 35
64 120 35
64 121 35
64 122 35
64 257 34
65 48 35
65 49 35
65 50 35
65 51 35
65 52 35
65 53 35
65 54 35
65 55 35
65 56 35
65 57 35
65 65 35
65 66 35
65 67 35
65 68 35
65 69 35
65 70 35
65 71 35
65 72 35
65 73 35
65 74 35
65 75 35
65 76 35
65 77 35
65 78 35
65 79 35
65 80 35
65 81 35
65 82 35
65 83 35
65 84 35
65 85 35
65 86 35
65 87 35
65 88 35
65 89 35
65 90 35
65 95 35
65 97 55
65 98 35
65 99 35
65 100 35
65 101 35
65 102 35
65 103 35
65 104 35
65 105 35
65 106 35
65 107 35
65 108 35
65 109 35
65 110 35
65 111 35
65 112 35
65 113 35
65 114 35
65 115 35
65 116 35
65 117 35
65 118 35
65 119 35
65 120 35
65 121 35
65 122 35
65 257 34
66 48 35
66 49 35
66 50 35
66 51 35
66 52 35
66 53 35
66 54 35
66 55 35
66 56 35
66 57 35
66 65 35
66 66 35
66 67 35
66 68 35
66 69 35
66 70 35
66 71 35
66 72 35
66 73 35
66 74 35
66 75 35
66 76 35
66 77 35
66 78 35
66 79 35
66 80 35
66 81 35
66 82 35
66 83 35
66 84 35
66 85 35
66 86 35
66 87 35
66 88 35
66 89 35
66 90 35
66 95 35
66 97 35
66 98 35
66 99 35
66 100 35
66 101 56
66 102 35
66 103 35
66 104 35
66 105 35
66 106 35
66 107 35
66 108 35
66 109 35
66 110 35
66 111 35
66 112 35
66 113 35
66 114 35
66 115 35
66 116 35
66 117 35
66 118 35
66 119 35
66 120 35
66 121 35
66 122 35
66 257 34
67 48 35
67 49 35
67 50 35
67 51 35
67 52 35
67 53 35
67 54 35
67 55 35
67 56 35
67 57 35
67 65 35
67 66 35
67 67 35
67 68 35
67 69 35
67 70 35
67 71 35
67 72 35
67 73 35
67 74 35
67 75 35
67 76 35
67 77 35
67 78 35
67 79 35
67 80 35
67 81 35
67 82 35
67 83 35
67 84 35
67 85 35
67 86 35
67 87 35
67 88 35
67 89 35
67 90 35
67 95 35
67 97 35
67 98 35
67 99 35
67 100 35
67 101 35
67 102 35
67 103 35
67 104 35
67 105 35
67 106 35
67 107 35
67 108 35
67 109 35
67 110 35
67 111 57
67 112 35
67 113 35
67 114 35
67 115 35
67 116 35
67 117 35
67 118 35
67 119 35
67 120 35
67 121 35
67 122 35
67 257 34
68 48 35
68 49 35
68 50 35
68 51 35
68 52 35
68 53 35
68 54 35
68 55 35
68 56 35
68 57 35
68 65 35
68 66 35
68 67 35
68 68 35
68 69 35
68 70 35
68 71 35
68 72 35
68 73 35
68 74 35
68 75 35
68 76 35
68 77 35
68 78 35
68 79 35
68 80 35
68 81 35
68 82 35
68 83 35
68 84 35
68 85 35
68 86 35
68 87 35
68 88 35
68 89 35
68 90 35
68 95 35
68 97 35
68 98 35
68 99 35
68 100 35
68 101 35
68 102 35
68 103 35
68 104 35
68 105 59
68 106 35
68 107 35
68 108 35
68 109 35
68 110 35
68 111 35
68 112 35
68 113 35
68 114 35
68 115 35
68 116 35
68 117 35
68 118 35
68 119 35
68 120 35
68 121 35
68 122 35
68 257 34
69 48 35
69 49 35
69 50 35
69 51 35
69 52 35
69 53 35
69 54 35
69 55 35
69 56 35
69 57 35
69 65 35
69 66 35
69 67 35
69 68 35
69 69 35
69 70 35
69 71 35
69 72 35
69 73 35
69 74 35
69 75 35
69 76 35
69 77 35
69 78 35
69 79 35
69 80 35
69 81 35
69 82 35
69 83 35
69 84 35
69 85 35
69 86 35
69 87 35
69 88 35
69 89 35
69 90 35
69 95 35
69 97 35
69 98 35
69 99 35
69 100 35
69 101 35
69 102 35
69 103 35
69 104 35
69 105 60
69 106 35
69 107 35
69 108 35
69 109 35
69 110 35
69 111 35
69 112 35
69 113 35
69 114 35
69 115 35
69 116 35
69 117 35
69 118 35
69 119 35
69 120 35
69 121 35
69 122 35
69 257 34
70 48 35
70 49 35
70 50 35
70 51 35
70 52 35
70 53 35
70 54 35
70 55 35
70 56 35
70 57 35
70 65 35
70 66 35
70 67 35
70 68 35
70 69 35
70 70 35
70 71 35
70 72 35
70 73 35
70 74 35
70 75 35
70 76 35
70 77 35
70 78 35
70 79 35
70 80 35
70 81 35
70 82 35
70 83 35
70 84 35
70 85 35
70 86 35
70 87 35
70 88 35
70 89 35
70 90 35
70 95 35
70 97 35
70 98 35
70 99 35
70 100 35
70 101 35
70 102 35
70 103 35
70 104 35
70 105 61
70 106 35
70 107 35
70 108 35
70 109 35
70 110 35
70 111 35
70 112 35
70 113 35
70 114 35
70 115 35
70 116 35
70 117 35
70 118 35
70 119 35
70 120 35
70 121 35
70 122 35
70 257 34
71 48 35
71 49 35
71 50 35
71 51 35
71 52 35
71 53 35
71 54 35
71 55 35
71 56 35
71 57 35
71 65 35
71 66 35
71 67 35
71 68 35
71 69 35
71 70 35
71 71 35
71 72 35
71 73 35
71 74 35
71 75 35
71 76 35
71 77 35
71 78 35
71 79 35
71 80 35
71 81 35
71 82 35
71 83 35
71 84 35
71 85 35
71 86 35
71 87 35
71 88 35
71 89 35
71 90 35
71 95 35
71 97 35
71 98 35
71 99 35
71 100 35
71 101 35
71 102 35
71 103 35
71 104 35
71 105 35
71 106 35
71 107 35
71 108 35
71 109 35
71 110 62
71 111 35
71 112 35
71 113 35
71 114 35
71 115 35
71 116 35
71 117 35
71 118 35
71 119 35
71 120 35
71 121 35
71 122 35
71 257 34
72 48 35
72 49 35
72 50 35
72 51 35
72 52 35
72 53 35
72 54 35
72 55 35
72 56 35
72 57 35
72 65 35
72 66 35
72 67 35
72 68 35
72 69 35
72 70 35
72 71 35
72 72 35
72 73 35
72 74 35
72 75 35
72 76 35
72 77 35
72 78 35
72 79 35
72 80 35
72 81 35
72 82 35
72 83 35
72 84 35
72 85 35
72 86 35
72 87 35
72 88 35
72 89 35
72 90 35
72 95 35
72 97 35
72 98 35
72 99 35
72 100 35
72 101 35
72 102 35
72 103 35
72 104 35
72 105 35
72 106 35
72 107 35
72 108 35
72 109 35
72 110 35
72 111 35
72 112 35
72 113 35
72 114 66
72 115 35
72 116 35
72 117 35
72 118 35
72 119 35
72 120 35
72 121 35
72 122 35
72 257 34
73 48 35
73 49 35
73 50 35
73 51 35
73 52 35
73 53 35
73 54 35
73 55 35
73 56 35
73 57 35
73 65 35
73 66 35
73 67 35
73 68 35
73 69 35
73 70 35
73 71 35
73 72 35
73 73 35
73 74 35
73 75 35
73 76 35
73 77 35
73 78 35
73 79 35
73 80 35
73 81 35
73 82 35
73 83 35
73 84 35
73 85 35
73 86 35
73 87 35
73 88 35
73 89 35
73 90 35
73 95 35
73 97 35
73 98 35
73 99 35
73 100 35
73 101 35
73 102 35
73 103 35
73 104 35
73 105 35
73 106 35
73 107 35
73 108 67
73 109 35
73 110 35
73 111 35
73 112 35
73 113 35
73 114 35
73 115 35
73 116 35
73 117 35
73 118 35
73 119 35
73 120 35
73 121 35
73 122 35
73 257 34
74 48 35
74 49 35
74 50 35
74 51 35
74 52 35
74 53 35
74 54 35
74 55 35
74 56 35
74 57 35
74 65 35
74 66 35
74 67 35
74 68 35
74 69 35
74 70 35
74 71 35
74 72 35
74 73 35
74 74 35
74 75 35
74 76 35
74 77 35
74 78 35
74 79 35
74 80 35
74 81 35
74 82 35
74 83 35
74 84 35
74 85 35
74 86 35
74 87 35
74 88 35
74 89 35
74 90 35
74 95 35
74 97 35
74 98 35
74 99 35
74 100 35
74 101 35
74 102 35
74 103 35
74 104 35
74 105 35
74 106 35
74 107 35
74 108 35
74 109 35
74 110 35
74 111 35
74 112 35
74 113 35
74 114 68
74 115 35
74 116 35
74 117 35
74 118 35
74 119 35
74 120 35
74 121 35
74 122 35
74 257 34
75 48 35
75 49 35
75 50 35
75 51 35
75 52 35
75 53 35
75 54 35
75 55 35
75 56 35
75 57 35
75 65 35
75 66 35
75 67 35
75 68 35
75 69 35
75 70 35
75 71 35
75 72 35
75 73 35
75 74 35
75 75 35
75 76 35
75 77 35
75 78 35
75 79 35
75 80 35
75 81 35
75 82 35
75 83 35
75 84 35
75 85 35
75 86 35
75 87 35
75 88 35
75 89 35
75 90 35
75 95 35
75 97 35
75 98 35
75 99 35
75 100 35
75 101 35
75 102 35
75 103 35
75 104 69
75 105 35
75 106 35
75 107 35
75 108 35
75 109 35
75 110 35
75 111 35
75 112 35
75 113 35
75 114 35
75 115 35
75 116 35
75 117 35
75 118 35
75 119 35
75 120 35
75 121 35
75 122 35
75 257 34
76 48 35
76 49 35
76 50 35
76 51 35
76 52 35
76 53 35
76 54 35
76 55 35
76 56 35
76 57 35
76 65 35
76 66 35
76 67 35
76 68 35
76 69 35
76 70 35
76 71 35
76 72 35
76 73 35
76 74 35
76 75 35
76 76 35
76 77 35
76 78 35
76 79 35
76 80 35
76 81 35
76 82 35
76 83 35
76 84 35
76 85 35
76 86 35
76 87 35
76 88 35
76 89 35
76 90 35
76 95 35
76 97 35
76 98 35
76 99 35
76 100 35
76 101 35
76 102 35
76 103 35
76 104 35
76 105 35
76 106 35
76 107 35
76 108 35
76 109 35
76 110 35
76 111 35
76 112 35
76 113 35
76 114 70
76 115 35
76 116 35
76 117 35
76 118 35
76 119 35
76 120 35
76 121 35
76 122 35
76 257 34
77 48 35
77 49 35
77 50 35
77 51 35
77 52 35
77 53 35
77 54 35
77 55 35
77 56 35
77 57 35
77 65 35
77 66 35
77 67 35
77 68 35
77 69 35
77 70 35
77 71 35
77 72 35
77 73 35
77 74 35
77 75 35
77 76 35
77 77 35
77 78 35
77 79 35
77 80 35
77 81 35
77 82 35
77 83 35
77 84 35
77 85 35
77 86 35
77 87 35
77 88 35
77 89 35
77 90 35
77 95 35
77 97 35
77 98 35
77 99 35
77 100 35
77 101 35
77 102 35
77 103 35
77 104 35
77 105 71
77 106 35
77 107 35
77 108 35
77 109 35
77 110 35
77 111 35
77 112 35
77 113 35
77 114 35
77 115 35
77 116 35
77 117 35
77 118 35
77 119 35
77 120 35
77 121 35
77 122 35
77 257 34
78 48 35
78 49 35
78 50 35
78 51 35
78 52 35
78 53 35
78 54 35
78 55 35
78 56 35
78 57 35
78 65 35
78 66 35
78 67 35
78 68 35
78 69 35
78 70 35
78 71 35
78 72 35
78 73 35
78 74 35
78 75 35
78 76 35
78 77 35
78 78 35
78 79 35
78 80 35
78 81 35
78 82 35
78 83 35
78 84 35
78 85 35
78 86 35
78 87 35
78 88 35
78 89 35
78 90 35
78 95 35
78 97 35
78 98 35
78 99 35
78 100 35
78 101 35
78 102 35
78 103 35
78 104 35
78 105 35
78 106 35
78 107 35
78 108 35
78 109 35
78 110 35
78 111 35
78 112 35
78 113 35
78 114 35
78 115 35
78 116 76
78 117 35
78 118 35
78 119 35
78 120 35
78 121 35
78 122 35
78 257 34
79 48 35
79 49 35
79 50 35
79 51 35
79 52 35
79 53 35
79 54 35
79 55 35
79 56 35
79 57 35
79 65 35
79 66 35
79 67 35
79 68 35
79 69 35
79 70 35
79 71 35
79 72 35
79 73 35
79 74 35
79 75 35
79 76 35
79 77 35
79 78 35
79 79 35
79 80 35
79 81 35
79 82 35
79 83 35
79 84 35
79 85 35
79 86 35
79 87 35
79 88 35
79 89 35
79 90 35
79 95 35
79 97 35
79 98 35
79 99 35
79 100 35
79 101 35
79 102 35
79 103 35
79 104 35
79 105 35
79 106 35
79 107 35
79 108 35
79 109 35
79 110 35
79 111 35
79 112 35
79 113 35
79 114 35
79 115 35
79 116 77
79 117 35
79 118 35
79 119 35
79 120 35
79 121 35
79 122 35
79 257 34
80 48 35
80 49 35
80 50 35
80 51 35
80 52 35
80 53 35
80 54 35
80 55 35
80 56 35
80 57 35
80 65 35
80 66 35
80 67 35
80 68 35
80 69 35
80 70 35
80 71 35
80 72 35
80 73 35
80 74 35
80 75 35
80 76 35
80 77 35
80 78 35
80 79 35
80 80 35
80 81 35
80 82 35
80 83 35
80 84 35
80 85 35
80 86 35
80 87 35
80 88 35
80 89 35
80 90 35
80 95 35
80 97 35
80 98 35
80 99 35
80 100 35
80 101 35
80 102 35
80 103 35
80 104 35
80 105 35
80 106 35
80 107 35
80 108 35
80 109 35
80 110 79
80 111 35
80 112 35
80 113 35
80 114 35
80 115 35
80 116 35
80 117 35
80 118 35
80 119 35
80 120 35
80 121 35
80 122 35
80 257 34
-1
